
uint16_t alphaMap[] = {
0,1,27,41,66,69,74,93,96,103,105,107,154,180,206,208,223,224,253,272,280,289,295,302,65535,306,
312,65535,65535,65535,371,65535,65535,409,411,65535,65535,431,65535,65535,474,65535,65535,523,65535,65535,582,65535,65535,65535,612,65535,
613,65535,65535,65535,671,65535,65535,678,737,65535,65535,747,65535,65535,782,65535,65535,829,65535,875,876,65535,65535,65535,894,896,
897,65535,65535,65535,913,65535,65535,941,943,65535,65535,65535,65535,65535,971,65535,65535,998,65535,65535,1027,65535,1043,65535,1046,65535,
1048,1058,65535,1061,1066,65535,1067,65535,1071,1073,65535,1074,1087,1094,65535,1103,1104,1106,1113,1117,1120,1121,65535,1125,1130,65535,
1131,65535,65535,65535,1158,65535,65535,65535,1175,65535,65535,1207,65535,65535,1242,65535,65535,1258,65535,65535,1284,65535,65535,65535,65535,65535,
1304,65535,65535,65535,1330,65535,65535,1342,1346,65535,65535,1353,65535,1375,1377,65535,65535,1396,65535,65535,1439,65535,65535,65535,1456,65535,
1458,65535,65535,65535,1498,65535,65535,65535,1520,65535,65535,65535,65535,65535,1534,65535,65535,65535,65535,65535,1562,65535,65535,65535,1575,65535,
65535,65535,1580,1585,65535,65535,1589,65535,65535,65535,65535,1590,1593,1595,1616,65535,65535,1619,1624,1627,65535,1629,65535,65535,65535,65535,
1631,65535,65535,65535,1646,65535,65535,65535,1654,65535,65535,65535,65535,65535,1658,65535,65535,65535,65535,65535,1668,65535,65535,65535,65535,65535,
1678,65535,65535,65535,1696,65535,65535,1702,1705,65535,65535,1709,65535,1713,1723,65535,65535,1729,65535,65535,1732,65535,65535,65535,1734,65535,
1735,65535,65535,65535,1768,65535,65535,65535,1799,65535,65535,1827,65535,65535,1829,65535,65535,65535,65535,65535,1867,65535,65535,1881,1883,65535,
1889,65535,65535,65535,1958,65535,65535,65535,1980,65535,65535,65535,65535,65535,2007,65535,65535,65535,65535,65535,2049,65535,65535,65535,2068,65535,
2071,65535,65535,65535,2095,65535,65535,65535,2105,65535,65535,65535,65535,65535,2116,65535,65535,65535,65535,65535,2135,65535,65535,65535,2140,65535,
2142,2146,2147,2151,65535,2154,65535,2156,2157,65535,2159,2160,2164,2168,2170,2171,65535,2175,2184,2186,2188,2193,2199,2202,65535,2203,
2204,65535,65535,65535,2244,65535,65535,2267,2272,65535,65535,2299,65535,65535,2321,65535,65535,2341,2371,65535,2374,65535,65535,65535,2393,65535,
2396,65535,65535,65535,2398,65535,65535,65535,2399,65535,65535,65535,65535,65535,65535,65535,65535,65535,65535,65535,2400,65535,65535,65535,65535,65535,
2428,65535,65535,65535,2458,65535,65535,2486,2490,65535,65535,65535,65535,65535,2511,65535,65535,65535,65535,65535,2539,65535,65535,65535,65535,65535,
2554,65535,2599,65535,2629,65535,65535,2650,2708,65535,2731,2740,2761,2775,2794,2815,2860,2865,65535,2866,2937,65535,2956,65535,2982,65535,
2985,65535,65535,65535,3024,65535,65535,3051,3081,65535,65535,65535,65535,65535,3103,65535,65535,3130,3168,65535,3169,65535,3182,65535,3195,65535,
65535,65535,65535,3200,65535,65535,65535,65535,65535,65535,3201,3202,3204,3207,65535,3221,65535,3223,3226,3230,65535,3233,65535,65535,65535,65535,
3234,65535,65535,65535,3248,65535,65535,65535,3264,65535,65535,65535,65535,65535,3283,65535,65535,3292,65535,65535,65535,65535,65535,65535,65535,65535,
3293,65535,65535,65535,3318,65535,65535,3331,3350,65535,65535,65535,65535,65535,3366,65535,65535,3386,65535,65535,65535,65535,65535,65535,3395,65535,
3396,65535,3397,65535,3399,65535,65535,3402,65535,65535,65535,65535,65535,65535,65535,65535,65535,65535,65535,65535,65535,3403,65535,65535,3404,65535,
3405,65535,65535,65535,3410,65535,65535,65535,3418,65535,65535,65535,65535,65535,3419,3424,65535,65535,65535,65535,3425,65535,65535,65535,65535,65535,
3428,65535,65535,65535,3432,65535,65535,65535,3434,65535,65535,65535,65535,65535,3435,65535,65535,65535,65535,65535,65535,65535,65535,65535,65535,65535,
};

image_t Keyboard_W_01 = "white/Keyboard_W_01.png"
image_t Keyboard_W_02 = "white/Keyboard_W_02.png"
image_t Keyboard_W_03 = "white/Keyboard_W_03.png"
image_t Keyboard_W_04 = "white/Keyboard_W_04.png"
image_t Keyboard_W_05 = "white/Keyboard_W_05.png"
image_t Keyboard_W_06 = "white/Keyboard_W_06.png"
image_t Keyboard_W_07 = "white/Keyboard_W_07.png"
image_t Keyboard_W_08 = "white/Keyboard_W_08.png"
image_t Keyboard_W_09 = "white/Keyboard_W_09.png"
image_t Keyboard_W_10 = "white/Keyboard_W_10.png"
image_t Keyboard_W_11 = "white/Keyboard_W_11.png"
image_t Keyboard_W_12 = "white/Keyboard_W_12.png"
image_t Keyboard_W_13 = "white/Keyboard_W_13.png"
image_t Keyboard_W_14 = "white/Keyboard_W_14.png"
image_t Keyboard_W_15 = "white/Keyboard_W_15.png"
image_t Keyboard_W_16 = "white/Keyboard_W_16.png"
image_t Keyboard_W_17 = "white/Keyboard_W_17.png"
image_t Keyboard_W_18 = "white/Keyboard_W_18.png"
image_t Keyboard_W_19 = "white/Keyboard_W_19.png"
image_t Keyboard_W_20 = "white/Keyboard_W_20.png"
image_t Keyboard_W_21 = "white/Keyboard_W_21.png"
image_t Keyboard_W_22 = "white/Keyboard_W_22.png"
image_t Keyboard_W_23 = "white/Keyboard_W_23.png"
image_t Keyboard_W_24 = "white/Keyboard_W_24.png"
image_t Keyboard_W_25 = "white/Keyboard_W_25.png"
image_t Keyboard_W_26 = "white/Keyboard_W_26.png"
image_t Keyboard_W_27 = "white/Keyboard_W_27.png"
image_t Keyboard_W_28 = "white/Keyboard_W_28.png"

image_t Keyboard_B_01 = "black/Keyboard_B_01.png"
image_t Keyboard_B_02 = "black/Keyboard_B_02.png"
image_t Keyboard_B_03 = "black/Keyboard_B_03.png"
image_t Keyboard_B_04 = "black/Keyboard_B_04.png"
image_t Keyboard_B_05 = "black/Keyboard_B_05.png"
image_t Keyboard_B_06 = "black/Keyboard_B_06.png"
image_t Keyboard_B_07 = "black/Keyboard_B_07.png"
image_t Keyboard_B_08 = "black/Keyboard_B_08.png"
image_t Keyboard_B_09 = "black/Keyboard_B_09.png"
image_t Keyboard_B_10 = "black/Keyboard_B_10.png"
image_t Keyboard_B_11 = "black/Keyboard_B_11.png"
image_t Keyboard_B_12 = "black/Keyboard_B_12.png"
image_t Keyboard_B_13 = "black/Keyboard_B_13.png"
image_t Keyboard_B_14 = "black/Keyboard_B_14.png"
image_t Keyboard_B_15 = "black/Keyboard_B_15.png"
image_t Keyboard_B_16 = "black/Keyboard_B_16.png"
image_t Keyboard_B_17 = "black/Keyboard_B_17.png"
image_t Keyboard_B_18 = "black/Keyboard_B_18.png"
image_t Keyboard_B_19 = "black/Keyboard_B_19.png"
image_t Keyboard_B_20 = "black/Keyboard_B_20.png"
image_t Keyboard_B_21 = "black/Keyboard_B_21.png"
image_t Keyboard_B_22 = "black/Keyboard_B_22.png"
image_t Keyboard_B_23 = "black/Keyboard_B_23.png"
image_t Keyboard_B_24 = "black/Keyboard_B_24.png"
image_t Keyboard_B_25 = "black/Keyboard_B_25.png"
image_t Keyboard_B_26 = "black/Keyboard_B_26.png"
image_t Keyboard_B_27 = "black/Keyboard_B_27.png"
image_t Keyboard_B_28 = "black/Keyboard_B_28.png"

image_t Keyboard_B_Cursor = "black/Keyboard_B_Cursor.png"
image_t Keyboard_B_Cursor_Half = "black/Keyboard_B_Cursor_Half.png"

image_t Correct = "Correct.png"
image_t InvalidWord = "InvalidWord.png"
image_t TooManyAttempts = "TooManyAttempts.png"
image_t TitleScreen = "TitleScreen.png"
image_t Quit = "Quit.png"
image_t Statistics = "Statistics.png"

uint8_t words[] = {
1,65,65,82,71,72,
1,65,66,65,67,65,
1,65,66,65,67,75,
1,65,66,65,70,84,
1,65,66,65,77,80,
1,65,66,65,83,69,
1,65,66,65,83,72,
1,65,66,65,84,69,
1,65,66,65,89,65,
1,65,66,66,69,89,
1,65,66,66,79,84,
1,65,66,69,65,77,
1,65,66,69,76,69,
1,65,66,72,79,82,
1,65,66,73,68,69,
1,65,66,73,69,83,
1,65,66,73,76,65,
1,65,66,79,68,69,
1,65,66,79,79,78,
1,65,66,79,82,84,
1,65,66,79,85,84,
1,65,66,79,86,69,
1,65,66,85,74,65,
1,65,66,85,83,69,
1,65,66,85,90,90,
1,65,66,89,83,77,
1,65,66,89,83,83,
1,65,67,67,69,76,
1,65,67,67,72,79,
1,65,67,67,82,65,
1,65,67,69,82,66,
1,65,67,75,69,69,
1,65,67,78,69,68,
1,65,67,79,76,68,
1,65,67,79,82,78,
1,65,67,82,69,83,
1,65,67,82,73,68,
1,65,67,82,73,83,
1,65,67,84,73,78,
1,65,67,84,79,82,
1,65,67,85,84,69,
1,65,68,65,71,69,
1,65,68,65,77,83,
1,65,68,65,78,65,
1,65,68,65,80,65,
1,65,68,65,80,84,
1,65,68,68,65,88,
1,65,68,68,69,68,
1,65,68,68,69,82,
1,65,68,68,76,69,
1,65,68,69,80,84,
1,65,68,73,69,85,
1,65,68,73,79,83,
1,65,68,73,84,73,
1,65,68,77,65,78,
1,65,68,77,73,84,
1,65,68,77,73,88,
1,65,68,79,66,69,
1,65,68,79,66,79,
1,65,68,79,80,84,
1,65,68,79,82,69,
1,65,68,79,82,78,
1,65,68,79,87,78,
1,65,68,85,76,84,
1,65,68,85,83,84,
1,65,68,86,73,76,
1,65,69,71,73,83,
1,65,69,82,73,69,
1,65,69,83,79,80,
1,65,70,70,73,88,
1,65,70,79,79,84,
1,65,70,79,82,69,
1,65,70,79,85,76,
1,65,70,84,69,82,
1,65,71,65,73,78,
1,65,71,65,77,65,
1,65,71,65,80,69,
1,65,71,65,84,69,
1,65,71,65,86,69,
1,65,71,65,90,69,
1,65,71,69,78,69,
1,65,71,69,78,84,
1,65,71,71,82,79,
1,65,71,72,65,78,
1,65,71,73,76,69,
1,65,71,73,78,71,
1,65,71,73,83,77,
1,65,71,76,69,84,
1,65,71,79,71,79,
1,65,71,79,78,69,
1,65,71,79,78,89,
1,65,71,79,82,65,
1,65,71,82,69,69,
1,65,72,69,65,68,
1,65,72,85,76,76,
1,65,72,85,82,65,
1,65,73,68,69,68,
1,65,73,68,69,83,
1,65,73,75,69,78,
1,65,73,76,69,89,
1,65,73,79,76,73,
1,65,73,82,69,68,
1,65,73,83,76,69,
1,65,74,65,73,65,
1,65,74,85,71,65,
1,65,75,65,66,65,
1,65,75,82,79,78,
1,65,76,65,67,75,
1,65,76,65,77,79,
1,65,76,65,82,77,
1,65,76,65,82,89,
1,65,76,65,84,69,
1,65,76,66,69,69,
1,65,76,66,85,77,
1,65,76,67,79,78,
1,65,76,68,69,82,
1,65,76,69,80,72,
1,65,76,69,82,84,
1,65,76,69,85,84,
1,65,76,69,86,69,
1,65,76,71,65,69,
1,65,76,71,65,76,
1,65,76,71,69,82,
1,65,76,71,73,68,
1,65,76,73,65,83,
1,65,76,73,66,73,
1,65,76,73,69,78,
1,65,76,73,70,69,
1,65,76,73,71,78,
1,65,76,73,75,69,
1,65,76,73,78,69,
1,65,76,73,86,69,
1,65,76,76,65,72,
1,65,76,76,65,89,
1,65,76,76,69,78,
1,65,76,76,69,89,
1,65,76,76,73,83,
1,65,76,76,79,84,
1,65,76,76,79,87,
1,65,76,76,79,89,
1,65,76,78,85,83,
1,65,76,79,69,83,
1,65,76,79,70,84,
1,65,76,79,72,65,
1,65,76,79,78,69,
1,65,76,79,78,71,
1,65,76,79,79,70,
1,65,76,79,83,65,
1,65,76,79,83,84,
1,65,76,79,85,68,
1,65,76,80,72,65,
1,65,76,84,65,82,
1,65,76,84,69,82,
1,65,76,85,76,65,
1,65,77,65,84,73,
1,65,77,65,90,69,
1,65,77,66,69,82,
1,65,77,66,73,84,
1,65,77,66,76,69,
1,65,77,69,66,65,
1,65,77,69,78,68,
1,65,77,69,78,84,
1,65,77,73,68,69,
1,65,77,73,71,79,
1,65,77,73,78,69,
1,65,77,73,78,79,
1,65,77,73,83,72,
1,65,77,73,83,83,
1,65,77,73,84,89,
1,65,77,77,65,78,
1,65,77,78,73,67,
1,65,77,78,73,79,
1,65,77,79,78,71,
1,65,77,79,82,65,
1,65,77,79,82,84,
1,65,77,79,85,82,
1,65,77,80,76,69,
1,65,77,80,76,89,
1,65,77,85,67,75,
1,65,77,85,83,69,
1,65,78,65,83,65,
1,65,78,68,69,83,
1,65,78,71,69,76,
1,65,78,71,69,82,
1,65,78,71,76,69,
1,65,78,71,82,89,
1,65,78,71,83,84,
1,65,78,71,85,83,
1,65,78,73,76,69,
1,65,78,73,77,65,
1,65,78,73,77,69,
1,65,78,73,79,78,
1,65,78,73,83,69,
1,65,78,74,79,85,
1,65,78,75,76,69,
1,65,78,78,65,77,
1,65,78,78,69,88,
1,65,78,78,79,89,
1,65,78,79,68,69,
1,65,78,79,76,69,
1,65,78,79,86,65,
1,65,78,83,69,82,
1,65,78,84,73,67,
1,65,78,84,85,77,
1,65,78,85,82,65,
1,65,78,86,73,76,
1,65,79,82,84,65,
1,65,79,84,85,83,
1,65,80,65,67,69,
1,65,80,65,82,84,
1,65,80,69,82,89,
1,65,80,72,73,68,
1,65,80,73,65,78,
1,65,80,73,83,72,
1,65,80,73,85,77,
1,65,80,80,65,76,
1,65,80,80,76,69,
1,65,80,80,76,89,
1,65,80,80,82,79,
1,65,80,82,73,76,
1,65,80,82,79,78,
1,65,80,83,73,83,
1,65,80,84,76,89,
1,65,81,65,66,65,
1,65,82,65,77,69,
1,65,82,66,79,82,
1,65,82,67,69,68,
1,65,82,67,85,83,
1,65,82,68,79,82,
1,65,82,69,65,76,
1,65,82,69,65,82,
1,65,82,69,78,65,
1,65,82,69,84,69,
1,65,82,71,79,78,
1,65,82,71,79,83,
1,65,82,71,79,84,
1,65,82,71,85,69,
1,65,82,71,85,83,
1,65,82,72,85,83,
1,65,82,73,69,83,
1,65,82,73,83,69,
1,65,82,73,85,83,
1,65,82,77,69,68,
1,65,82,77,73,78,
1,65,82,77,79,82,
1,65,82,79,73,68,
1,65,82,79,77,65,
1,65,82,82,65,83,
1,65,82,82,65,89,
1,65,82,82,79,87,
1,65,82,83,79,78,
1,65,82,85,66,65,
1,65,82,89,65,78,
1,65,83,65,76,65,
1,65,83,65,77,65,
1,65,83,65,78,65,
1,65,83,67,73,73,
1,65,83,67,79,84,
1,65,83,67,85,83,
1,65,83,69,65,78,
1,65,83,72,69,78,
1,65,83,73,65,78,
1,65,83,73,68,69,
1,65,83,75,69,82,
1,65,83,75,69,87,
1,65,83,80,69,78,
1,65,83,80,69,82,
1,65,83,83,65,77,
1,65,83,83,69,84,
1,65,83,84,69,82,
1,65,83,84,79,82,
1,65,83,85,82,65,
1,65,84,72,79,83,
1,65,84,76,65,83,
1,65,84,79,76,69,
1,65,84,79,76,76,
1,65,84,79,78,69,
1,65,84,82,73,80,
1,65,84,84,65,82,
1,65,84,84,73,67,
1,65,85,68,69,78,
1,65,85,68,73,79,
1,65,85,68,73,84,
1,65,85,71,69,82,
1,65,85,71,72,84,
1,65,85,78,84,89,
1,65,85,82,65,76,
1,65,85,82,73,67,
1,65,85,88,73,78,
1,65,86,65,73,76,
1,65,86,65,83,84,
1,65,86,69,78,83,
1,65,86,69,82,84,
1,65,86,73,65,78,
1,65,86,79,73,68,
1,65,87,65,73,84,
1,65,87,65,75,69,
1,65,87,65,82,68,
1,65,87,65,82,69,
1,65,87,70,85,76,
1,65,87,73,78,71,
1,65,87,78,69,68,
1,65,88,73,65,76,
1,65,88,73,76,69,
1,65,88,73,79,77,
1,65,88,79,78,69,
1,65,90,73,68,69,
1,65,90,73,68,79,
1,65,90,79,73,67,
1,65,90,79,84,69,
1,65,90,84,69,67,
1,65,90,85,82,69,
1,66,65,66,65,82,
1,66,65,66,69,76,
1,66,65,66,75,65,
1,66,65,66,79,79,
1,66,65,67,67,65,
1,66,65,67,67,89,
1,66,65,67,79,78,
1,66,65,68,71,69,
1,66,65,68,76,89,
1,66,65,71,69,76,
1,66,65,71,71,89,
1,66,65,72,65,73,
1,66,65,73,82,78,
1,66,65,73,90,65,
1,66,65,73,90,69,
1,66,65,75,65,87,
1,66,65,75,69,68,
1,66,65,75,69,82,
1,66,65,76,68,89,
1,66,65,76,75,89,
1,66,65,76,76,89,
1,66,65,76,77,89,
1,66,65,76,83,65,
1,66,65,78,65,76,
1,66,65,78,68,89,
1,66,65,78,70,70,
1,66,65,78,74,79,
1,66,65,78,75,83,
1,66,65,78,78,83,
1,66,65,78,84,85,
1,66,65,82,69,68,
1,66,65,82,71,69,
1,66,65,82,73,67,
1,66,65,82,75,89,
1,66,65,82,77,89,
1,66,65,82,79,78,
1,66,65,82,84,72,
1,66,65,83,65,76,
1,66,65,83,69,68,
1,66,65,83,69,76,
1,66,65,83,73,65,
1,66,65,83,73,67,
1,66,65,83,73,76,
1,66,65,83,73,78,
1,66,65,83,73,83,
1,66,65,83,84,65,
1,66,65,83,84,69,
1,66,65,84,67,72,
1,66,65,84,69,68,
1,66,65,84,72,69,
1,66,65,84,73,75,
1,66,65,84,73,83,
1,66,65,84,79,78,
1,66,65,84,84,89,
1,66,65,85,76,75,
1,66,65,87,68,89,
1,66,65,89,69,82,
1,66,65,89,69,83,
1,66,65,89,79,85,
1,66,69,65,67,72,
1,66,69,65,68,83,
1,66,69,65,68,89,
1,66,69,65,77,89,
1,66,69,65,78,79,
1,66,69,65,78,89,
1,66,69,65,82,68,
1,66,69,65,83,84,
1,66,69,65,84,83,
1,66,69,65,85,84,
1,66,69,69,67,72,
1,66,69,69,70,89,
1,66,69,69,82,89,
1,66,69,71,65,68,
1,66,69,71,69,84,
1,66,69,71,73,78,
1,66,69,73,71,69,
1,66,69,73,78,71,
1,66,69,76,65,85,
1,66,69,76,65,89,
1,66,69,76,67,72,
1,66,69,76,69,77,
1,66,69,76,73,69,
1,66,69,76,76,69,
1,66,69,76,76,89,
1,66,69,76,79,87,
1,66,69,78,67,72,
1,66,69,78,69,84,
1,66,69,78,73,78,
1,66,69,82,69,84,
1,66,69,82,73,65,
1,66,69,82,82,89,
1,66,69,82,84,72,
1,66,69,82,89,76,
1,66,69,83,79,77,
1,66,69,84,69,76,
1,66,69,86,69,76,
1,66,69,90,69,76,
1,66,72,65,71,65,
1,66,72,65,78,71,
1,66,73,66,76,69,
1,66,73,68,68,89,
1,66,73,71,72,84,
1,66,73,71,79,84,
1,66,73,74,79,85,
1,66,73,76,71,69,
1,66,73,76,76,89,
1,66,73,77,66,79,
1,66,73,78,69,84,
1,66,73,78,71,69,
1,66,73,78,71,79,
1,66,73,79,75,79,
1,66,73,79,77,69,
1,66,73,80,69,68,
1,66,73,82,67,72,
1,66,73,82,84,72,
1,66,73,83,79,78,
1,66,73,84,69,82,
1,66,73,84,73,83,
1,66,73,84,84,89,
1,66,76,65,67,75,
1,66,76,65,68,69,
1,66,76,65,72,83,
1,66,76,65,73,78,
1,66,76,65,73,82,
1,66,76,65,75,69,
1,66,76,65,77,69,
1,66,76,65,78,68,
1,66,76,65,78,75,
1,66,76,65,82,69,
1,66,76,65,83,69,
1,66,76,65,83,84,
1,66,76,65,84,69,
1,66,76,65,90,69,
1,66,76,69,65,75,
1,66,76,69,65,82,
1,66,76,69,65,84,
1,66,76,69,69,68,
1,66,76,69,69,80,
1,66,76,69,78,68,
1,66,76,69,83,83,
1,66,76,69,83,84,
1,66,76,73,71,69,
1,66,76,73,71,72,
1,66,76,73,77,80,
1,66,76,73,78,68,
1,66,76,73,78,75,
1,66,76,73,83,83,
1,66,76,73,84,90,
1,66,76,79,65,84,
1,66,76,79,67,75,
1,66,76,79,75,69,
1,66,76,79,78,68,
1,66,76,79,79,68,
1,66,76,79,79,77,
1,66,76,79,87,78,
1,66,76,79,87,89,
1,66,76,85,69,83,
1,66,76,85,70,70,
1,66,76,85,78,84,
1,66,76,85,82,66,
1,66,76,85,82,84,
1,66,76,85,83,72,
1,66,79,65,82,68,
1,66,79,65,83,84,
1,66,79,66,66,89,
1,66,79,67,67,69,
1,66,79,67,67,73,
1,66,79,71,69,89,
1,66,79,71,71,89,
1,66,79,71,73,69,
1,66,79,71,85,83,
1,66,79,73,83,69,
1,66,79,76,85,83,
1,66,79,78,69,68,
1,66,79,78,69,83,
1,66,79,78,69,89,
1,66,79,78,71,79,
1,66,79,78,78,89,
1,66,79,78,85,83,
1,66,79,79,76,69,
1,66,79,79,78,69,
1,66,79,79,83,84,
1,66,79,79,84,72,
1,66,79,79,84,89,
1,66,79,79,90,69,
1,66,79,79,90,89,
1,66,79,82,65,88,
1,66,79,82,69,68,
1,66,79,82,69,82,
1,66,79,82,73,67,
1,66,79,82,79,78,
1,66,79,83,67,72,
1,66,79,83,75,89,
1,66,79,83,79,77,
1,66,79,83,79,78,
1,66,79,83,83,89,
1,66,79,83,85,78,
1,66,79,84,67,72,
1,66,79,84,72,69,
1,66,79,84,79,88,
1,66,79,85,71,72,
1,66,79,85,76,69,
1,66,79,85,78,68,
1,66,79,86,73,68,
1,66,79,87,69,68,
1,66,79,87,69,76,
1,66,79,87,69,82,
1,66,79,87,73,69,
1,66,79,88,69,68,
1,66,79,88,69,82,
1,66,79,89,76,69,
1,66,82,65,67,69,
1,66,82,65,68,89,
1,66,82,65,71,69,
1,66,82,65,71,71,
1,66,82,65,71,73,
1,66,82,65,73,68,
1,66,82,65,73,76,
1,66,82,65,73,78,
1,66,82,65,75,69,
1,66,82,65,77,65,
1,66,82,65,78,68,
1,66,82,65,78,84,
1,66,82,65,83,72,
1,66,82,65,83,83,
1,66,82,65,85,78,
1,66,82,65,86,65,
1,66,82,65,86,69,
1,66,82,65,86,79,
1,66,82,65,87,76,
1,66,82,65,87,78,
1,66,82,69,65,68,
1,66,82,69,65,75,
1,66,82,69,65,77,
1,66,82,69,69,68,
1,66,82,69,83,84,
1,66,82,69,86,69,
1,66,82,73,65,82,
1,66,82,73,66,69,
1,66,82,73,67,75,
1,66,82,73,68,69,
1,66,82,73,69,70,
1,66,82,73,69,82,
1,66,82,73,76,76,
1,66,82,73,78,69,
1,66,82,73,78,71,
1,66,82,73,78,75,
1,66,82,73,78,89,
1,66,82,73,83,75,
1,66,82,73,84,72,
1,66,82,73,84,84,
1,66,82,79,65,68,
1,66,82,79,67,65,
1,66,82,79,73,76,
1,66,82,79,75,69,
1,66,82,79,77,69,
1,66,82,79,78,67,
1,66,82,79,78,88,
1,66,82,79,79,68,
1,66,82,79,79,75,
1,66,82,79,79,77,
1,66,82,79,84,72,
1,66,82,79,87,78,
1,66,82,85,67,69,
1,66,82,85,73,78,
1,66,82,85,78,79,
1,66,82,85,83,72,
1,66,82,85,83,75,
1,66,82,85,84,69,
1,66,82,89,65,78,
1,66,85,68,68,89,
1,66,85,68,71,69,
1,66,85,71,71,89,
1,66,85,71,76,69,
1,66,85,73,76,68,
1,66,85,73,76,84,
1,66,85,76,71,69,
1,66,85,76,71,89,
1,66,85,76,75,89,
1,66,85,76,76,89,
1,66,85,77,80,89,
1,66,85,78,67,72,
1,66,85,78,67,79,
1,66,85,78,78,89,
1,66,85,82,71,72,
1,66,85,82,75,65,
1,66,85,82,75,69,
1,66,85,82,76,89,
1,66,85,82,77,65,
1,66,85,82,78,83,
1,66,85,82,78,84,
1,66,85,82,81,65,
1,66,85,82,82,79,
1,66,85,82,82,89,
1,66,85,82,83,84,
1,66,85,83,72,89,
1,66,85,84,67,72,
1,66,85,84,69,65,
1,66,85,84,84,69,
1,66,85,89,69,82,
1,66,89,82,79,78,
1,67,65,65,66,65,
1,67,65,66,65,76,
1,67,65,66,66,89,
1,67,65,66,69,82,
1,67,65,66,73,78,
1,67,65,66,76,69,
1,67,65,66,79,84,
1,67,65,67,65,79,
1,67,65,67,72,69,
1,67,65,67,72,73,
1,67,65,68,68,89,
1,67,65,68,69,84,
1,67,65,68,73,90,
1,67,65,71,69,89,
1,67,65,73,82,78,
1,67,65,73,82,79,
1,67,65,74,85,78,
1,67,65,76,65,78,
1,67,65,76,73,70,
1,67,65,76,76,65,
1,67,65,76,86,69,
1,67,65,76,89,88,
1,67,65,77,65,83,
1,67,65,77,69,76,
1,67,65,77,69,79,
1,67,65,77,80,89,
1,67,65,78,65,76,
1,67,65,78,68,89,
1,67,65,78,73,83,
1,67,65,78,78,65,
1,67,65,78,78,89,
1,67,65,78,79,69,
1,67,65,78,79,78,
1,67,65,78,84,79,
1,67,65,78,84,89,
1,67,65,80,69,82,
1,67,65,80,69,84,
1,67,65,80,73,90,
1,67,65,80,82,73,
1,67,65,82,65,84,
1,67,65,82,68,83,
1,67,65,82,69,84,
1,67,65,82,69,87,
1,67,65,82,71,79,
1,67,65,82,73,66,
1,67,65,82,79,76,
1,67,65,82,79,77,
1,67,65,82,82,89,
1,67,65,82,84,69,
1,67,65,82,85,77,
1,67,65,82,89,65,
1,67,65,83,69,68,
1,67,65,83,84,69,
1,67,65,84,67,72,
1,67,65,84,69,82,
1,67,65,84,84,89,
1,67,65,85,83,69,
1,67,65,86,73,76,
1,67,69,65,83,69,
1,67,69,66,85,83,
1,67,69,67,65,76,
1,67,69,68,65,82,
1,67,69,76,76,79,
1,67,69,82,73,67,
1,67,69,84,85,83,
1,67,72,65,70,69,
1,67,72,65,70,70,
1,67,72,65,71,65,
1,67,72,65,73,78,
1,67,72,65,73,82,
1,67,72,65,74,65,
1,67,72,65,76,75,
1,67,72,65,77,80,
1,67,72,65,78,71,
1,67,72,65,78,84,
1,67,72,65,79,83,
1,67,72,65,82,65,
1,67,72,65,82,68,
1,67,72,65,82,73,
1,67,72,65,82,77,
1,67,72,65,82,84,
1,67,72,65,82,89,
1,67,72,65,83,69,
1,67,72,69,65,80,
1,67,72,69,65,84,
1,67,72,69,67,75,
1,67,72,69,69,75,
1,67,72,69,69,80,
1,67,72,69,69,82,
1,67,72,69,82,84,
1,67,72,69,83,83,
1,67,72,69,83,84,
1,67,72,69,86,89,
1,67,72,69,87,65,
1,67,72,69,87,89,
1,67,72,73,65,78,
1,67,72,73,67,75,
1,67,72,73,67,79,
1,67,72,73,69,70,
1,67,72,73,76,68,
1,67,72,73,76,69,
1,67,72,73,76,73,
1,67,72,73,76,76,
1,67,72,73,77,69,
1,67,72,73,77,80,
1,67,72,73,78,65,
1,67,72,73,78,69,
1,67,72,73,78,79,
1,67,72,73,82,80,
1,67,72,73,86,69,
1,67,72,79,67,75,
1,67,72,79,73,82,
1,67,72,79,75,69,
1,67,72,79,75,89,
1,67,72,79,77,80,
1,67,72,79,79,75,
1,67,72,79,82,68,
1,67,72,79,82,69,
1,67,72,85,67,75,
1,67,72,85,70,65,
1,67,72,85,77,80,
1,67,72,85,78,75,
1,67,72,85,84,69,
1,67,72,89,77,69,
1,67,73,68,69,82,
1,67,73,71,65,82,
1,67,73,78,67,72,
1,67,73,82,67,65,
1,67,73,82,67,69,
1,67,73,82,73,79,
1,67,73,83,67,79,
1,67,73,83,83,89,
1,67,73,86,73,67,
1,67,73,86,73,76,
1,67,76,65,67,75,
1,67,76,65,73,77,
1,67,76,65,77,80,
1,67,76,65,78,71,
1,67,76,65,78,75,
1,67,76,65,82,75,
1,67,76,65,82,89,
1,67,76,65,83,72,
1,67,76,65,83,80,
1,67,76,65,83,83,
1,67,76,69,65,78,
1,67,76,69,65,82,
1,67,76,69,65,84,
1,67,76,69,70,84,
1,67,76,69,71,71,
1,67,76,69,82,75,
1,67,76,73,67,75,
1,67,76,73,70,70,
1,67,76,73,77,66,
1,67,76,73,78,69,
1,67,76,73,78,71,
1,67,76,73,78,75,
1,67,76,79,65,75,
1,67,76,79,67,75,
1,67,76,79,78,69,
1,67,76,79,83,69,
1,67,76,79,84,72,
1,67,76,79,85,68,
1,67,76,79,85,84,
1,67,76,79,86,69,
1,67,76,79,87,78,
1,67,76,79,90,69,
1,67,76,85,67,75,
1,67,76,85,77,80,
1,67,76,85,78,75,
1,67,79,65,67,72,
1,67,79,65,83,84,
1,67,79,65,84,73,
1,67,79,66,82,65,
1,67,79,67,67,73,
1,67,79,67,79,65,
1,67,79,68,79,78,
1,67,79,76,73,67,
1,67,79,76,76,89,
1,67,79,76,79,78,
1,67,79,76,79,82,
1,67,79,77,66,79,
1,67,79,77,69,82,
1,67,79,77,69,84,
1,67,79,77,70,89,
1,67,79,77,73,67,
1,67,79,77,77,65,
1,67,79,78,67,72,
1,67,79,78,68,79,
1,67,79,78,69,89,
1,67,79,78,71,65,
1,67,79,78,71,69,
1,67,79,78,71,79,
1,67,79,78,73,67,
1,67,79,78,84,79,
1,67,79,79,75,69,
1,67,79,80,83,69,
1,67,79,82,65,76,
1,67,79,82,68,83,
1,67,79,82,71,73,
1,67,79,82,75,89,
1,67,79,82,78,89,
1,67,79,82,80,83,
1,67,79,82,83,69,
1,67,79,83,69,89,
1,67,79,83,84,65,
1,67,79,85,67,72,
1,67,79,85,71,72,
1,67,79,85,78,84,
1,67,79,85,80,69,
1,67,79,85,82,84,
1,67,79,85,84,72,
1,67,79,86,69,78,
1,67,79,86,69,82,
1,67,79,87,69,68,
1,67,79,87,69,82,
1,67,79,89,76,89,
1,67,82,65,66,83,
1,67,82,65,67,75,
1,67,82,65,70,84,
1,67,82,65,77,80,
1,67,82,65,78,69,
1,67,82,65,78,75,
1,67,82,65,83,72,
1,67,82,65,83,83,
1,67,82,65,84,69,
1,67,82,65,86,69,
1,67,82,65,87,76,
1,67,82,65,90,69,
1,67,82,65,90,89,
1,67,82,69,65,75,
1,67,82,69,65,77,
1,67,82,69,68,79,
1,67,82,69,69,68,
1,67,82,69,69,75,
1,67,82,69,69,80,
1,67,82,69,79,78,
1,67,82,69,80,69,
1,67,82,69,83,83,
1,67,82,69,83,84,
1,67,82,69,84,69,
1,67,82,73,67,75,
1,67,82,73,69,82,
1,67,82,73,77,69,
1,67,82,73,83,80,
1,67,82,79,65,75,
1,67,82,79,65,84,
1,67,82,79,67,75,
1,67,82,79,70,84,
1,67,82,79,72,78,
1,67,82,79,78,69,
1,67,82,79,79,75,
1,67,82,79,83,83,
1,67,82,79,85,80,
1,67,82,79,87,68,
1,67,82,79,87,78,
1,67,82,85,68,69,
1,67,82,85,69,76,
1,67,82,85,77,66,
1,67,82,85,77,80,
1,67,82,85,83,72,
1,67,82,85,83,84,
1,67,82,89,80,84,
1,67,84,69,78,69,
1,67,85,66,65,78,
1,67,85,66,66,89,
1,67,85,66,73,67,
1,67,85,66,73,84,
1,67,85,80,73,68,
1,67,85,80,80,65,
1,67,85,82,69,68,
1,67,85,82,73,65,
1,67,85,82,73,69,
1,67,85,82,73,79,
1,67,85,82,76,89,
1,67,85,82,82,89,
1,67,85,82,83,69,
1,67,85,82,83,84,
1,67,85,82,86,69,
1,67,85,82,86,89,
1,67,85,83,67,79,
1,67,85,83,72,89,
1,67,89,67,76,69,
1,67,89,82,85,83,
1,67,90,69,67,72,
1,68,65,67,67,65,
1,68,65,67,72,65,
1,68,65,68,68,89,
1,68,65,73,76,89,
1,68,65,73,82,89,
1,68,65,73,83,89,
1,68,65,76,76,89,
1,68,65,77,77,69,
1,68,65,77,79,78,
1,68,65,78,67,69,
1,68,65,78,68,89,
1,68,65,78,84,69,
1,68,65,84,69,68,
1,68,65,86,73,68,
1,68,65,86,73,83,
1,68,65,90,69,68,
1,68,69,65,84,72,
1,68,69,66,73,84,
1,68,69,66,85,84,
1,68,69,67,65,70,
1,68,69,67,65,76,
1,68,69,67,65,89,
1,68,69,67,79,82,
1,68,69,67,79,89,
1,68,69,73,83,77,
1,68,69,73,83,84,
1,68,69,73,84,89,
1,68,69,76,65,89,
1,68,69,76,72,73,
1,68,69,76,84,65,
1,68,69,76,86,69,
1,68,69,77,79,78,
1,68,69,78,73,77,
1,68,69,78,83,69,
1,68,69,80,79,84,
1,68,69,80,84,72,
1,68,69,82,66,89,
1,68,69,82,77,65,
1,68,69,84,69,82,
1,68,69,84,79,88,
1,68,69,85,67,69,
1,68,69,86,73,76,
1,68,69,86,79,78,
1,68,69,87,69,89,
1,68,72,65,75,65,
1,68,72,79,76,69,
1,68,73,65,78,65,
1,68,73,65,82,89,
1,68,73,65,90,79,
1,68,73,67,69,82,
1,68,73,67,69,89,
1,68,73,67,79,84,
1,68,73,71,73,84,
1,68,73,74,79,78,
1,68,73,76,68,79,
1,68,73,77,69,82,
1,68,73,77,76,89,
1,68,73,78,69,82,
1,68,73,78,71,79,
1,68,73,78,71,89,
1,68,73,78,75,65,
1,68,73,78,75,89,
1,68,73,82,71,69,
1,68,73,82,84,89,
1,68,73,83,67,79,
1,68,73,83,72,89,
1,68,73,84,67,72,
1,68,73,84,84,79,
1,68,73,84,84,89,
1,68,73,86,65,78,
1,68,73,86,69,82,
1,68,73,86,79,84,
1,68,73,88,73,69,
1,68,73,90,90,89,
1,68,79,68,71,69,
1,68,79,68,71,89,
1,68,79,71,71,89,
1,68,79,71,77,65,
1,68,79,73,76,89,
1,68,79,76,66,89,
1,68,79,76,67,69,
1,68,79,76,76,89,
1,68,79,76,79,82,
1,68,79,78,78,65,
1,68,79,78,79,82,
1,68,79,78,85,84,
1,68,79,80,69,68,
1,68,79,80,69,89,
1,68,79,82,73,67,
1,68,79,82,73,83,
1,68,79,83,69,68,
1,68,79,84,84,89,
1,68,79,85,66,84,
1,68,79,85,71,72,
1,68,79,86,69,82,
1,68,79,87,68,89,
1,68,79,87,69,76,
1,68,79,87,78,89,
1,68,79,87,82,89,
1,68,79,90,69,78,
1,68,79,90,69,82,
1,68,82,65,67,79,
1,68,82,65,70,84,
1,68,82,65,73,78,
1,68,82,65,75,69,
1,68,82,65,77,65,
1,68,82,65,80,69,
1,68,82,65,87,76,
1,68,82,65,87,78,
1,68,82,69,65,68,
1,68,82,69,65,77,
1,68,82,69,65,82,
1,68,82,69,83,83,
1,68,82,73,69,68,
1,68,82,73,69,82,
1,68,82,73,70,84,
1,68,82,73,76,76,
1,68,82,73,76,89,
1,68,82,73,78,75,
1,68,82,73,86,69,
1,68,82,79,76,76,
1,68,82,79,78,69,
1,68,82,79,79,76,
1,68,82,79,79,80,
1,68,82,79,83,83,
1,68,82,79,86,69,
1,68,82,79,87,78,
1,68,82,85,78,75,
1,68,82,85,80,69,
1,68,82,89,76,89,
1,68,85,66,65,73,
1,68,85,67,65,76,
1,68,85,67,72,89,
1,68,85,67,75,89,
1,68,85,76,76,89,
1,68,85,77,65,83,
1,68,85,77,77,89,
1,68,85,77,80,89,
1,68,85,78,67,69,
1,68,85,80,76,69,
1,68,85,82,65,76,
1,68,85,82,85,77,
1,68,85,83,75,89,
1,68,85,83,84,89,
1,68,85,84,67,72,
1,68,85,86,69,84,
1,68,87,65,82,70,
1,68,87,69,69,66,
1,68,87,69,76,76,
1,68,89,73,78,71,
1,68,89,76,65,78,
1,69,65,71,69,82,
1,69,65,71,76,69,
1,69,65,82,69,68,
1,69,65,82,76,89,
1,69,65,82,84,72,
1,69,65,83,69,68,
1,69,65,83,69,76,
1,69,65,84,69,78,
1,69,65,84,69,82,
1,69,65,86,69,83,
1,69,66,76,73,83,
1,69,66,79,76,65,
1,69,66,79,78,89,
1,69,68,69,77,65,
1,69,68,71,65,82,
1,69,68,71,69,68,
1,69,68,71,69,82,
1,69,68,87,73,78,
1,69,69,82,73,69,
1,69,71,69,83,84,
1,69,71,71,69,82,
1,69,71,82,69,84,
1,69,71,89,80,84,
1,69,73,68,69,82,
1,69,73,71,72,84,
1,69,74,69,67,84,
1,69,76,65,78,68,
1,69,76,65,84,69,
1,69,76,66,79,87,
1,69,76,68,69,82,
1,69,76,69,67,84,
1,69,76,70,73,78,
1,69,76,73,83,65,
1,69,76,73,84,69,
1,69,76,79,80,69,
1,69,76,85,68,69,
1,69,76,86,69,82,
1,69,76,86,69,83,
1,69,76,86,73,83,
1,69,77,65,73,76,
1,69,77,66,69,82,
1,69,77,69,82,89,
1,69,77,73,76,69,
1,69,77,77,69,82,
1,69,77,79,84,69,
1,69,77,80,84,89,
1,69,78,65,84,69,
1,69,78,68,69,68,
1,69,78,68,79,87,
1,69,78,69,77,89,
1,69,78,74,79,89,
1,69,78,83,73,83,
1,69,78,84,69,82,
1,69,78,84,82,89,
1,69,78,84,83,89,
1,69,80,79,67,72,
1,69,81,85,65,76,
1,69,81,85,85,83,
1,69,82,65,83,69,
1,69,82,65,84,79,
1,69,82,69,67,84,
1,69,82,73,67,65,
1,69,82,78,83,84,
1,69,82,79,83,69,
1,69,82,82,79,82,
1,69,83,75,69,82,
1,69,83,83,65,89,
1,69,83,83,69,78,
1,69,83,84,69,82,
1,69,84,72,69,82,
1,69,84,72,73,67,
1,69,84,72,79,83,
1,69,85,76,69,82,
1,69,86,65,78,83,
1,69,86,69,78,84,
1,69,86,69,82,83,
1,69,86,69,82,84,
1,69,88,65,67,84,
1,69,88,67,69,76,
1,69,88,73,76,69,
1,69,88,73,83,84,
1,69,88,84,82,65,
1,69,89,82,73,69,
1,70,65,66,76,69,
1,70,65,67,69,68,
1,70,65,67,69,84,
1,70,65,68,68,89,
1,70,65,68,69,68,
1,70,65,73,78,84,
1,70,65,73,82,89,
1,70,65,73,84,72,
1,70,65,75,69,82,
1,70,65,76,76,83,
1,70,65,76,83,69,
1,70,65,77,69,68,
1,70,65,78,67,89,
1,70,65,82,65,68,
1,70,65,82,67,69,
1,70,65,82,71,79,
1,70,65,82,83,73,
1,70,65,84,65,76,
1,70,65,84,69,68,
1,70,65,84,76,89,
1,70,65,84,83,79,
1,70,65,84,84,89,
1,70,65,85,76,84,
1,70,65,85,78,65,
1,70,65,85,83,84,
1,70,65,86,79,82,
1,70,65,90,69,68,
1,70,69,65,83,84,
1,70,69,73,83,84,
1,70,69,76,76,65,
1,70,69,76,76,89,
1,70,69,76,79,78,
1,70,69,77,85,82,
1,70,69,78,67,69,
1,70,69,82,65,76,
1,70,69,82,73,65,
1,70,69,82,82,89,
1,70,69,84,65,76,
1,70,69,84,67,72,
1,70,69,84,73,68,
1,70,69,84,85,83,
1,70,69,86,69,82,
1,70,69,87,69,82,
1,70,69,89,76,89,
1,70,73,66,69,82,
1,70,73,66,82,69,
1,70,73,67,85,83,
1,70,73,69,76,68,
1,70,73,69,78,68,
1,70,73,69,82,89,
1,70,73,70,84,72,
1,70,73,70,84,89,
1,70,73,71,72,84,
1,70,73,76,65,82,
1,70,73,76,69,82,
1,70,73,76,69,84,
1,70,73,76,76,69,
1,70,73,76,76,89,
1,70,73,76,77,89,
1,70,73,76,84,72,
1,70,73,78,65,76,
1,70,73,78,67,72,
1,70,73,78,69,68,
1,70,73,78,69,82,
1,70,73,78,73,83,
1,70,73,82,69,68,
1,70,73,82,83,84,
1,70,73,82,84,72,
1,70,73,83,72,89,
1,70,73,84,67,72,
1,70,73,84,76,89,
1,70,73,86,69,82,
1,70,73,86,69,83,
1,70,73,88,69,68,
1,70,73,88,69,82,
1,70,73,90,90,89,
1,70,76,65,67,75,
1,70,76,65,73,76,
1,70,76,65,73,82,
1,70,76,65,75,69,
1,70,76,65,75,89,
1,70,76,65,77,69,
1,70,76,65,78,75,
1,70,76,65,82,69,
1,70,76,65,83,72,
1,70,76,65,83,75,
1,70,76,65,84,83,
1,70,76,69,67,75,
1,70,76,69,69,84,
1,70,76,69,83,72,
1,70,76,73,67,75,
1,70,76,73,69,83,
1,70,76,73,78,71,
1,70,76,73,78,84,
1,70,76,73,82,84,
1,70,76,79,65,84,
1,70,76,79,67,75,
1,70,76,79,79,68,
1,70,76,79,79,82,
1,70,76,79,82,65,
1,70,76,79,83,83,
1,70,76,79,85,82,
1,70,76,79,85,84,
1,70,76,85,70,70,
1,70,76,85,73,68,
1,70,76,85,75,69,
1,70,76,85,77,69,
1,70,76,85,79,82,
1,70,76,85,83,72,
1,70,76,85,84,69,
1,70,76,89,69,82,
1,70,79,65,77,89,
1,70,79,67,65,76,
1,70,79,67,85,83,
1,70,79,71,71,89,
1,70,79,76,73,79,
1,70,79,76,75,83,
1,70,79,76,76,89,
1,70,79,82,65,89,
1,70,79,82,67,69,
1,70,79,82,71,69,
1,70,79,82,84,69,
1,70,79,82,84,72,
1,70,79,82,84,89,
1,70,79,82,85,77,
1,70,79,85,78,68,
1,70,79,89,69,82,
1,70,82,65,73,76,
1,70,82,65,77,69,
1,70,82,65,78,67,
1,70,82,65,78,75,
1,70,82,65,85,68,
1,70,82,69,65,75,
1,70,82,69,69,68,
1,70,82,69,83,72,
1,70,82,69,85,68,
1,70,82,69,89,65,
1,70,82,73,65,82,
1,70,82,73,67,75,
1,70,82,73,69,68,
1,70,82,73,69,83,
1,70,82,73,71,71,
1,70,82,73,76,76,
1,70,82,73,83,75,
1,70,82,79,67,75,
1,70,82,79,71,83,
1,70,82,79,78,68,
1,70,82,79,78,84,
1,70,82,79,82,69,
1,70,82,79,83,84,
1,70,82,79,84,72,
1,70,82,79,87,78,
1,70,82,85,73,84,
1,70,85,68,71,69,
1,70,85,69,71,79,
1,70,85,71,65,76,
1,70,85,71,71,89,
1,70,85,71,85,69,
1,70,85,76,76,89,
1,70,85,77,69,68,
1,70,85,77,69,83,
1,70,85,78,68,83,
1,70,85,78,71,73,
1,70,85,78,75,89,
1,70,85,78,78,89,
1,70,85,82,65,78,
1,70,85,82,82,89,
1,70,85,82,84,72,
1,70,85,83,69,68,
1,70,85,83,83,89,
1,70,85,83,84,89,
1,70,85,84,79,78,
1,70,85,90,90,89,
1,71,65,66,66,89,
1,71,65,66,76,69,
1,71,65,66,79,78,
1,71,65,66,79,82,
1,71,65,70,70,69,
1,71,65,73,76,89,
1,71,65,73,85,83,
1,71,65,76,69,65,
1,71,65,76,69,78,
1,71,65,77,69,89,
1,71,65,77,73,78,
1,71,65,77,77,65,
1,71,65,77,77,89,
1,71,65,78,74,65,
1,71,65,84,69,83,
1,71,65,84,79,82,
1,71,65,85,68,89,
1,71,65,85,71,69,
1,71,65,85,78,84,
1,71,65,85,82,73,
1,71,65,85,83,83,
1,71,65,85,90,69,
1,71,65,85,90,89,
1,71,65,86,69,76,
1,71,65,87,75,89,
1,71,65,89,76,89,
1,71,69,65,82,83,
1,71,69,67,75,79,
1,71,69,76,73,68,
1,71,69,76,76,89,
1,71,69,77,77,65,
1,71,69,78,69,84,
1,71,69,78,73,67,
1,71,69,78,73,69,
1,71,69,78,79,65,
1,71,69,78,82,69,
1,71,69,78,85,83,
1,71,69,79,68,69,
1,71,72,65,78,65,
1,71,72,69,78,84,
1,71,72,79,83,84,
1,71,72,79,85,76,
1,71,73,65,78,84,
1,71,73,66,66,83,
1,71,73,68,68,89,
1,71,73,82,84,72,
1,71,73,86,69,78,
1,71,73,86,69,82,
1,71,73,90,77,79,
1,71,76,65,67,69,
1,71,76,65,68,69,
1,71,76,65,78,68,
1,71,76,65,78,83,
1,71,76,65,82,69,
1,71,76,65,82,89,
1,71,76,65,83,83,
1,71,76,65,90,69,
1,71,76,69,65,77,
1,71,76,69,78,78,
1,71,76,73,65,76,
1,71,76,73,68,69,
1,71,76,73,84,90,
1,71,76,79,65,84,
1,71,76,79,66,69,
1,71,76,79,79,77,
1,71,76,79,82,89,
1,71,76,79,83,83,
1,71,76,79,86,69,
1,71,76,85,69,68,
1,71,76,85,69,89,
1,71,76,85,84,69,
1,71,78,65,83,72,
1,71,78,79,77,69,
1,71,79,66,73,79,
1,71,79,68,76,89,
1,71,79,73,78,71,
1,71,79,76,65,78,
1,71,79,76,69,77,
1,71,79,76,76,89,
1,71,79,78,65,68,
1,71,79,78,69,82,
1,71,79,79,68,83,
1,71,79,79,68,89,
1,71,79,79,69,89,
1,71,79,79,70,89,
1,71,79,79,83,69,
1,71,79,79,83,89,
1,71,79,82,71,69,
1,71,79,85,68,65,
1,71,79,85,71,69,
1,71,79,85,82,68,
1,71,79,85,84,89,
1,71,82,65,67,69,
1,71,82,65,68,69,
1,71,82,65,70,84,
1,71,82,65,73,76,
1,71,82,65,73,78,
1,71,82,65,78,68,
1,71,82,65,78,84,
1,71,82,65,80,69,
1,71,82,65,80,72,
1,71,82,65,80,79,
1,71,82,65,80,89,
1,71,82,65,83,80,
1,71,82,65,83,83,
1,71,82,65,84,69,
1,71,82,65,84,90,
1,71,82,65,86,69,
1,71,82,65,86,89,
1,71,82,65,90,69,
1,71,82,69,65,84,
1,71,82,69,69,68,
1,71,82,69,69,75,
1,71,82,69,69,78,
1,71,82,73,69,70,
1,71,82,73,76,76,
1,71,82,73,77,69,
1,71,82,73,77,89,
1,71,82,73,78,68,
1,71,82,73,83,84,
1,71,82,73,84,83,
1,71,82,79,65,78,
1,71,82,79,65,84,
1,71,82,79,73,78,
1,71,82,79,79,77,
1,71,82,79,83,83,
1,71,82,79,85,80,
1,71,82,79,85,84,
1,71,82,79,86,69,
1,71,82,79,87,76,
1,71,82,79,87,78,
1,71,82,85,69,76,
1,71,82,85,70,70,
1,71,82,85,77,80,
1,71,82,85,78,84,
1,71,85,65,78,79,
1,71,85,65,82,68,
1,71,85,65,86,65,
1,71,85,69,83,83,
1,71,85,69,83,84,
1,71,85,73,68,69,
1,71,85,73,76,68,
1,71,85,73,76,69,
1,71,85,73,76,84,
1,71,85,73,83,69,
1,71,85,76,76,89,
1,71,85,77,66,79,
1,71,85,77,77,89,
1,71,85,80,80,89,
1,71,85,83,72,89,
1,71,85,83,84,79,
1,71,85,83,84,89,
1,71,89,80,83,89,
1,71,89,82,65,76,
1,72,65,65,82,84,
1,72,65,66,69,82,
1,72,65,66,73,84,
1,72,65,68,65,76,
1,72,65,68,69,83,
1,72,65,73,68,65,
1,72,65,73,75,85,
1,72,65,73,82,89,
1,72,65,73,84,73,
1,72,65,76,65,76,
1,72,65,76,69,89,
1,72,65,76,76,69,
1,72,65,76,76,79,
1,72,65,76,86,69,
1,72,65,77,65,83,
1,72,65,77,77,89,
1,72,65,78,68,83,
1,72,65,78,68,89,
1,72,65,78,75,83,
1,72,65,80,76,89,
1,72,65,80,80,89,
1,72,65,82,68,89,
1,72,65,82,69,77,
1,72,65,82,80,89,
1,72,65,82,82,89,
1,72,65,82,83,72,
1,72,65,83,84,65,
1,72,65,83,84,69,
1,72,65,83,84,89,
1,72,65,84,67,72,
1,72,65,84,69,68,
1,72,65,84,69,82,
1,72,65,85,78,84,
1,72,65,85,83,65,
1,72,65,86,69,76,
1,72,65,86,69,78,
1,72,65,86,79,67,
1,72,65,87,75,89,
1,72,65,89,69,83,
1,72,65,90,69,76,
1,72,69,65,68,89,
1,72,69,65,82,68,
1,72,69,65,82,84,
1,72,69,65,84,72,
1,72,69,65,86,69,
1,72,69,65,86,89,
1,72,69,68,71,69,
1,72,69,70,84,89,
1,72,69,73,78,90,
1,72,69,73,83,84,
1,72,69,76,69,78,
1,72,69,76,73,88,
1,72,69,76,76,65,
1,72,69,76,76,79,
1,72,69,76,86,69,
1,72,69,77,65,76,
1,72,69,77,73,67,
1,72,69,78,67,69,
1,72,69,78,78,65,
1,72,69,78,82,89,
1,72,69,82,79,78,
1,72,69,82,84,90,
1,72,73,74,65,66,
1,72,73,75,69,82,
1,72,73,76,65,82,
1,72,73,76,76,83,
1,72,73,76,76,89,
1,72,73,78,68,73,
1,72,73,78,68,85,
1,72,73,78,71,69,
1,72,73,78,78,89,
1,72,73,80,80,79,
1,72,73,80,80,89,
1,72,73,82,69,68,
1,72,73,84,67,72,
1,72,73,86,69,83,
1,72,79,66,66,89,
1,72,79,71,65,78,
1,72,79,73,83,84,
1,72,79,75,69,89,
1,72,79,76,69,89,
1,72,79,76,76,65,
1,72,79,76,76,89,
1,72,79,77,69,82,
1,72,79,77,69,89,
1,72,79,78,69,89,
1,72,79,78,75,89,
1,72,79,78,79,82,
1,72,79,79,67,72,
1,72,79,82,68,69,
1,72,79,82,78,89,
1,72,79,82,83,69,
1,72,79,82,83,84,
1,72,79,82,85,83,
1,72,79,83,84,65,
1,72,79,84,69,76,
1,72,79,84,76,89,
1,72,79,85,78,68,
1,72,79,85,82,83,
1,72,79,85,83,69,
1,72,79,86,69,76,
1,72,79,86,69,82,
1,72,79,87,65,89,
1,72,79,87,68,89,
1,72,85,66,66,89,
1,72,85,70,70,89,
1,72,85,76,76,79,
1,72,85,77,65,78,
1,72,85,77,73,68,
1,72,85,77,79,82,
1,72,85,78,67,72,
1,72,85,82,79,78,
1,72,85,82,82,89,
1,72,85,83,75,89,
1,72,85,83,83,89,
1,72,85,84,67,72,
1,72,85,90,90,65,
1,72,89,68,82,65,
1,72,89,69,78,65,
1,72,89,77,69,78,
1,72,89,79,73,68,
1,72,89,80,72,65,
1,73,67,73,76,89,
1,73,67,73,78,71,
1,73,67,84,65,76,
1,73,67,84,73,67,
1,73,67,84,85,83,
1,73,68,65,72,79,
1,73,68,69,65,76,
1,73,68,73,79,77,
1,73,68,73,79,84,
1,73,71,76,79,79,
1,73,76,73,65,67,
1,73,76,73,79,78,
1,73,76,73,85,77,
1,73,77,65,71,69,
1,73,77,80,76,89,
1,73,78,65,78,69,
1,73,78,65,80,84,
1,73,78,67,85,83,
1,73,78,68,69,88,
1,73,78,68,73,65,
1,73,78,68,73,67,
1,73,78,68,73,69,
1,73,78,68,82,65,
1,73,78,68,85,83,
1,73,78,69,80,84,
1,73,78,69,82,84,
1,73,78,70,73,88,
1,73,78,70,82,65,
1,73,78,71,69,82,
1,73,78,73,79,78,
1,73,78,76,69,84,
1,73,78,78,69,82,
1,73,78,80,85,84,
1,73,78,84,69,82,
1,73,78,84,82,79,
1,73,78,85,73,84,
1,73,79,78,73,65,
1,73,79,78,73,67,
1,73,79,87,65,78,
1,73,82,65,81,73,
1,73,82,65,84,69,
1,73,82,73,83,72,
1,73,82,79,78,83,
1,73,82,79,78,89,
1,73,83,65,65,67,
1,73,83,76,65,77,
1,73,83,83,85,69,
1,73,84,65,76,89,
1,73,84,67,72,89,
1,73,86,73,69,68,
1,73,86,79,82,89,
1,74,65,66,79,84,
1,74,65,67,75,83,
1,74,65,67,79,66,
1,74,65,68,69,68,
1,74,65,70,70,65,
1,74,65,71,71,89,
1,74,65,71,85,65,
1,74,65,77,69,83,
1,74,65,78,85,83,
1,74,65,80,65,78,
1,74,65,83,79,78,
1,74,65,85,78,84,
1,74,65,86,65,78,
1,74,65,87,65,78,
1,74,65,90,90,89,
1,74,69,76,76,79,
1,74,69,76,76,89,
1,74,69,78,78,89,
1,74,69,82,75,89,
1,74,69,82,82,89,
1,74,69,83,85,83,
1,74,69,84,84,89,
1,74,69,87,69,76,
1,74,73,70,70,89,
1,74,73,72,65,68,
1,74,73,76,68,73,
1,74,73,77,77,89,
1,74,79,73,78,84,
1,74,79,73,83,84,
1,74,79,75,69,82,
1,74,79,76,76,89,
1,74,79,78,65,72,
1,74,79,78,69,83,
1,74,79,83,85,69,
1,74,79,85,76,69,
1,74,79,85,83,84,
1,74,79,89,67,69,
1,74,85,68,65,72,
1,74,85,68,65,83,
1,74,85,68,69,65,
1,74,85,68,71,69,
1,74,85,73,67,69,
1,74,85,73,67,89,
1,74,85,77,66,79,
1,74,85,77,80,89,
1,74,85,78,84,65,
1,74,85,82,65,76,
1,75,65,65,66,65,
1,75,65,66,79,66,
1,75,65,66,85,76,
1,75,65,68,65,73,
1,75,65,70,73,82,
1,75,65,70,75,65,
1,75,65,77,66,65,
1,75,65,77,73,65,
1,75,65,80,79,87,
1,75,65,80,80,65,
1,75,65,82,65,84,
1,75,65,82,69,78,
1,75,65,82,77,65,
1,75,65,83,72,65,
1,75,65,84,65,82,
1,75,65,85,65,73,
1,75,65,89,65,75,
1,75,65,90,79,79,
1,75,69,65,84,83,
1,75,69,66,65,66,
1,75,69,76,76,89,
1,75,69,78,89,65,
1,75,69,84,67,72,
1,75,69,89,69,68,
1,75,72,65,68,73,
1,75,72,65,75,73,
1,75,72,77,69,82,
1,75,73,76,69,89,
1,75,73,78,68,65,
1,75,73,79,83,75,
1,75,73,84,84,89,
1,75,76,69,73,78,
1,75,76,73,77,84,
1,75,76,73,78,69,
1,75,76,85,84,90,
1,75,78,65,67,75,
1,75,78,65,86,69,
1,75,78,69,65,68,
1,75,78,69,69,76,
1,75,78,69,76,76,
1,75,78,73,70,69,
1,75,78,73,83,72,
1,75,78,79,67,75,
1,75,78,79,76,76,
1,75,78,79,87,78,
1,75,79,65,76,65,
1,75,79,75,75,65,
1,75,79,76,65,77,
1,75,79,79,75,89,
1,75,79,82,65,78,
1,75,79,82,69,65,
1,75,82,73,76,76,
1,75,82,73,84,73,
1,75,82,79,78,69,
1,75,85,68,79,83,
1,75,85,84,67,72,
1,75,89,76,73,69,
1,76,65,66,65,78,
1,76,65,66,69,76,
1,76,65,66,79,82,
1,76,65,67,69,68,
1,76,65,67,69,82,
1,76,65,68,69,78,
1,76,65,68,76,69,
1,76,65,71,65,78,
1,76,65,71,69,82,
1,76,65,73,82,68,
1,76,65,73,84,89,
1,76,65,73,85,83,
1,76,65,76,76,89,
1,76,65,77,73,65,
1,76,65,78,67,69,
1,76,65,78,69,89,
1,76,65,78,75,89,
1,76,65,80,73,78,
1,76,65,80,83,69,
1,76,65,82,71,69,
1,76,65,82,86,65,
1,76,65,83,69,82,
1,76,65,84,67,72,
1,76,65,84,69,82,
1,76,65,84,69,88,
1,76,65,84,72,69,
1,76,65,84,73,78,
1,76,65,84,84,69,
1,76,65,85,71,72,
1,76,65,85,82,65,
1,76,65,86,69,82,
1,76,65,88,76,89,
1,76,65,89,69,82,
1,76,69,65,67,72,
1,76,69,65,70,89,
1,76,69,65,82,78,
1,76,69,65,82,89,
1,76,69,65,83,69,
1,76,69,65,83,72,
1,76,69,65,83,84,
1,76,69,65,86,69,
1,76,69,68,71,69,
1,76,69,69,67,72,
1,76,69,69,68,83,
1,76,69,69,82,89,
1,76,69,70,84,89,
1,76,69,71,65,76,
1,76,69,71,71,89,
1,76,69,73,71,72,
1,76,69,77,77,65,
1,76,69,77,79,78,
1,76,69,77,85,82,
1,76,69,78,73,78,
1,76,69,78,84,79,
1,76,69,79,78,69,
1,76,69,84,213,83,
1,76,69,84,67,72,
1,76,69,84,72,69,
1,76,69,86,69,69,
1,76,69,86,69,76,
1,76,69,86,69,82,
1,76,69,86,73,83,
1,76,69,87,73,83,
1,76,69,88,73,83,
1,76,73,65,78,65,
1,76,73,66,66,89,
1,76,73,66,69,76,
1,76,73,66,82,65,
1,76,73,66,89,65,
1,76,73,67,73,84,
1,76,73,69,71,69,
1,76,73,70,69,82,
1,76,73,71,69,82,
1,76,73,71,72,84,
1,76,73,75,69,68,
1,76,73,76,65,67,
1,76,73,77,65,78,
1,76,73,77,66,79,
1,76,73,77,73,84,
1,76,73,78,68,89,
1,76,73,78,69,68,
1,76,73,78,69,78,
1,76,73,78,69,82,
1,76,73,78,71,79,
1,76,73,78,73,78,
1,76,73,78,75,83,
1,76,73,80,73,68,
1,76,73,84,69,82,
1,76,73,84,72,69,
1,76,73,86,69,78,
1,76,73,86,69,82,
1,76,73,86,73,68,
1,76,76,65,77,65,
1,76,76,79,89,68,
1,76,79,65,67,72,
1,76,79,65,68,83,
1,76,79,65,77,89,
1,76,79,65,84,72,
1,76,79,66,65,82,
1,76,79,66,66,89,
1,76,79,66,69,68,
1,76,79,67,65,76,
1,76,79,67,85,83,
1,76,79,68,71,69,
1,76,79,69,83,83,
1,76,79,70,84,89,
1,76,79,71,65,78,
1,76,79,71,73,67,
1,76,79,72,65,78,
1,76,79,76,76,89,
1,76,79,78,69,82,
1,76,79,79,70,65,
1,76,79,79,78,89,
1,76,79,79,80,89,
1,76,79,79,83,69,
1,76,79,82,68,89,
1,76,79,82,69,78,
1,76,79,82,82,89,
1,76,79,83,69,82,
1,76,79,83,83,89,
1,76,79,84,73,67,
1,76,79,84,84,79,
1,76,79,84,85,83,
1,76,79,85,71,72,
1,76,79,85,73,83,
1,76,79,85,83,69,
1,76,79,85,83,89,
1,76,79,86,69,68,
1,76,79,86,69,82,
1,76,79,87,69,82,
1,76,79,87,76,89,
1,76,79,89,65,76,
1,76,85,67,65,83,
1,76,85,67,73,68,
1,76,85,67,75,89,
1,76,85,71,69,82,
1,76,85,77,69,78,
1,76,85,77,80,89,
1,76,85,78,65,82,
1,76,85,78,67,72,
1,76,85,78,71,69,
1,76,85,80,85,83,
1,76,85,82,67,72,
1,76,85,82,73,68,
1,76,85,83,84,89,
1,76,85,88,79,82,
1,76,88,73,73,73,
1,76,88,86,73,73,
1,76,89,68,73,65,
1,76,89,73,78,71,
1,76,89,78,67,72,
1,76,89,82,73,67,
1,76,89,83,73,83,
1,76,89,83,83,65,
1,77,65,67,65,79,
1,77,65,67,65,85,
1,77,65,67,65,87,
1,77,65,67,69,82,
1,77,65,67,72,79,
1,77,65,67,79,78,
1,77,65,67,82,79,
1,77,65,68,65,77,
1,77,65,68,76,89,
1,77,65,70,73,65,
1,77,65,71,73,67,
1,77,65,71,77,65,
1,77,65,72,65,78,
1,77,65,73,78,69,
1,77,65,73,90,69,
1,77,65,74,79,82,
1,77,65,75,69,82,
1,77,65,75,73,78,
1,77,65,76,65,89,
1,77,65,76,73,75,
1,77,65,76,84,65,
1,77,65,76,84,79,
1,77,65,76,85,83,
1,77,65,77,66,65,
1,77,65,78,68,65,
1,77,65,78,69,83,
1,77,65,78,69,84,
1,77,65,78,71,69,
1,77,65,78,71,79,
1,77,65,78,71,89,
1,77,65,78,73,65,
1,77,65,78,73,67,
1,77,65,78,75,89,
1,77,65,78,76,89,
1,77,65,78,78,65,
1,77,65,78,79,82,
1,77,65,78,83,73,
1,77,65,78,84,65,
1,77,65,78,85,83,
1,77,65,79,82,73,
1,77,65,80,76,69,
1,77,65,82,65,84,
1,77,65,82,67,72,
1,77,65,82,71,69,
1,77,65,82,73,65,
1,77,65,82,75,83,
1,77,65,82,76,89,
1,77,65,82,79,67,
1,77,65,82,82,89,
1,77,65,82,83,72,
1,77,65,82,84,73,
1,77,65,83,65,73,
1,77,65,83,72,73,
1,77,65,83,79,78,
1,77,65,84,67,72,
1,77,65,84,69,68,
1,77,65,84,69,82,
1,77,65,84,69,83,
1,77,65,84,69,89,
1,77,65,84,72,83,
1,77,65,84,84,69,
1,77,65,84,90,79,
1,77,65,85,86,69,
1,77,65,86,69,78,
1,77,65,88,73,77,
1,77,65,89,66,69,
1,77,65,89,69,82,
1,77,65,89,79,82,
1,77,65,90,69,68,
1,77,69,65,68,69,
1,77,69,65,76,89,
1,77,69,65,78,83,
1,77,69,65,84,89,
1,77,69,67,67,65,
1,77,69,68,65,76,
1,77,69,68,65,78,
1,77,69,68,73,67,
1,77,69,76,73,65,
1,77,69,76,79,78,
1,77,69,78,83,65,
1,77,69,82,67,89,
1,77,69,82,71,69,
1,77,69,82,73,84,
1,77,69,82,82,89,
1,77,69,83,79,78,
1,77,69,83,83,89,
1,77,69,84,65,76,
1,77,69,84,69,82,
1,77,69,84,73,67,
1,77,69,84,82,79,
1,77,69,90,90,79,
1,77,73,65,77,73,
1,77,73,67,65,72,
1,77,73,67,82,79,
1,77,73,68,65,83,
1,77,73,68,71,69,
1,77,73,71,72,84,
1,77,73,76,65,78,
1,77,73,76,67,72,
1,77,73,76,75,89,
1,77,73,76,76,83,
1,77,73,77,73,67,
1,77,73,78,67,69,
1,77,73,78,69,68,
1,77,73,78,69,82,
1,77,73,78,71,69,
1,77,73,78,71,89,
1,77,73,78,79,82,
1,77,73,78,85,83,
1,77,73,82,69,68,
1,77,73,82,84,72,
1,77,73,83,69,82,
1,77,73,83,83,89,
1,77,73,83,84,89,
1,77,73,84,69,82,
1,77,73,84,82,65,
1,77,73,88,69,68,
1,77,73,88,69,82,
1,77,79,67,72,65,
1,77,79,68,65,76,
1,77,79,68,69,76,
1,77,79,73,82,69,
1,77,79,73,83,84,
1,77,79,76,65,82,
1,77,79,76,68,89,
1,77,79,76,76,89,
1,77,79,77,77,89,
1,77,79,78,65,68,
1,77,79,78,65,83,
1,77,79,78,69,84,
1,77,79,78,69,89,
1,77,79,78,71,79,
1,77,79,78,84,69,
1,77,79,78,84,72,
1,77,79,79,67,72,
1,77,79,79,68,89,
1,77,79,79,78,89,
1,77,79,79,82,69,
1,77,79,79,83,69,
1,77,79,80,69,68,
1,77,79,82,65,76,
1,77,79,82,79,78,
1,77,79,82,80,72,
1,77,79,82,83,69,
1,77,79,83,69,83,
1,77,79,83,83,89,
1,77,79,84,69,76,
1,77,79,84,72,89,
1,77,79,84,73,70,
1,77,79,84,79,82,
1,77,79,84,84,79,
1,77,79,85,76,68,
1,77,79,85,78,68,
1,77,79,85,78,84,
1,77,79,85,83,69,
1,77,79,85,84,72,
1,77,79,86,69,82,
1,77,79,86,73,69,
1,77,79,87,69,82,
1,77,79,88,73,69,
1,77,85,67,75,89,
1,77,85,67,85,83,
1,77,85,68,68,89,
1,77,85,71,71,89,
1,77,85,76,67,72,
1,77,85,76,69,83,
1,77,85,76,76,65,
1,77,85,77,77,89,
1,77,85,78,67,72,
1,77,85,78,68,65,
1,77,85,82,65,76,
1,77,85,82,75,89,
1,77,85,83,72,89,
1,77,85,83,73,67,
1,77,85,83,75,89,
1,77,85,83,83,89,
1,77,85,83,84,89,
1,77,85,84,69,68,
1,77,85,90,90,89,
1,77,89,79,73,68,
1,77,89,79,77,65,
1,77,89,82,82,72,
1,78,65,67,72,79,
1,78,65,67,82,69,
1,78,65,73,82,65,
1,78,65,73,86,69,
1,78,65,75,69,68,
1,78,65,77,69,68,
1,78,65,77,69,83,
1,78,65,78,67,69,
1,78,65,78,67,89,
1,78,65,78,68,85,
1,78,65,78,78,65,
1,78,65,78,78,89,
1,78,65,78,85,83,
1,78,65,79,77,73,
1,78,65,80,80,89,
1,78,65,82,68,79,
1,78,65,82,73,83,
1,78,65,83,65,76,
1,78,65,83,84,89,
1,78,65,84,65,76,
1,78,65,84,69,83,
1,78,65,84,84,89,
1,78,65,86,65,76,
1,78,65,86,69,76,
1,78,69,65,84,72,
1,78,69,69,68,83,
1,78,69,69,68,89,
1,78,69,73,71,72,
1,78,69,80,65,76,
1,78,69,82,86,69,
1,78,69,82,86,89,
1,78,69,86,69,82,
1,78,69,87,76,89,
1,78,69,88,85,83,
1,78,73,67,72,69,
1,78,73,69,67,69,
1,78,73,70,84,89,
1,78,73,71,69,82,
1,78,73,71,72,84,
1,78,73,78,69,82,
1,78,73,78,74,65,
1,78,73,78,78,89,
1,78,73,78,84,72,
1,78,73,80,80,89,
1,78,73,88,79,78,
1,78,79,66,69,76,
1,78,79,66,76,69,
1,78,79,66,76,89,
1,78,79,69,77,73,
1,78,79,73,83,69,
1,78,79,73,83,89,
1,78,79,77,65,68,
1,78,79,77,73,65,
1,78,79,78,67,69,
1,78,79,79,83,69,
1,78,79,82,73,65,
1,78,79,82,77,65,
1,78,79,82,83,69,
1,78,79,82,84,72,
1,78,79,83,69,68,
1,78,79,83,69,89,
1,78,79,84,67,72,
1,78,79,84,69,68,
1,78,79,86,69,76,
1,78,85,66,66,89,
1,78,85,66,73,65,
1,78,85,68,71,69,
1,78,85,82,83,69,
1,78,85,84,84,89,
1,78,89,76,79,78,
1,78,89,77,80,72,
1,79,65,75,69,78,
1,79,65,83,73,83,
1,79,65,84,69,78,
1,79,65,84,69,83,
1,79,66,69,83,69,
1,79,67,67,85,82,
1,79,67,69,65,78,
1,79,67,72,69,82,
1,79,67,84,65,76,
1,79,68,68,76,89,
1,79,68,73,85,77,
1,79,68,79,85,82,
1,79,70,70,69,82,
1,79,70,84,69,78,
1,79,72,77,73,67,
1,79,73,76,69,68,
1,79,73,76,69,82,
1,79,75,65,80,73,
1,79,76,68,69,78,
1,79,76,68,69,82,
1,79,76,73,86,69,
1,79,76,79,71,89,
1,79,77,65,72,65,
1,79,77,65,78,73,
1,79,77,69,71,65,
1,79,77,73,89,65,
1,79,78,73,79,78,
1,79,78,83,69,84,
1,79,79,77,80,72,
1,79,80,69,82,65,
1,79,80,73,78,69,
1,79,80,73,85,77,
1,79,80,84,73,67,
1,79,82,65,67,72,
1,79,82,65,78,71,
1,79,82,65,84,69,
1,79,82,66,73,84,
1,79,82,68,69,82,
1,79,82,71,65,78,
1,79,82,73,79,78,
1,79,82,73,89,65,
1,79,82,89,90,65,
1,79,83,65,71,69,
1,79,83,67,65,82,
1,79,84,72,69,82,
1,79,84,84,69,82,
1,79,85,71,72,84,
1,79,85,73,74,65,
1,79,85,78,67,69,
1,79,85,84,69,82,
1,79,85,84,82,69,
1,79,86,65,82,89,
1,79,86,65,84,69,
1,79,86,69,82,84,
1,79,86,73,78,69,
1,79,86,79,73,68,
1,79,86,85,76,69,
1,79,87,69,78,83,
1,79,87,78,69,68,
1,79,87,78,69,82,
1,79,88,73,68,69,
1,79,90,79,78,69,
1,80,65,67,69,82,
1,80,65,67,72,65,
1,80,65,68,68,89,
1,80,65,68,82,69,
1,80,65,68,85,65,
1,80,65,71,65,78,
1,80,65,73,71,69,
1,80,65,73,78,69,
1,80,65,73,78,84,
1,80,65,76,76,89,
1,80,65,78,68,65,
1,80,65,78,69,76,
1,80,65,78,71,65,
1,80,65,78,73,67,
1,80,65,78,84,79,
1,80,65,78,84,83,
1,80,65,80,65,76,
1,80,65,80,69,82,
1,80,65,82,73,83,
1,80,65,82,75,65,
1,80,65,82,75,83,
1,80,65,82,82,89,
1,80,65,82,84,83,
1,80,65,82,84,89,
1,80,65,82,86,69,
1,80,65,82,86,79,
1,80,65,83,72,65,
1,80,65,83,84,65,
1,80,65,83,84,69,
1,80,65,83,84,79,
1,80,65,83,84,89,
1,80,65,84,67,72,
1,80,65,84,69,82,
1,80,65,84,73,79,
1,80,65,84,83,89,
1,80,65,84,84,89,
1,80,65,85,83,69,
1,80,65,86,69,68,
1,80,65,87,75,89,
1,80,65,88,73,76,
1,80,69,65,67,69,
1,80,69,65,67,72,
1,80,69,65,75,89,
1,80,69,65,82,76,
1,80,69,65,82,89,
1,80,69,65,84,89,
1,80,69,67,65,78,
1,80,69,68,65,76,
1,80,69,78,65,76,
1,80,69,78,78,69,
1,80,69,78,78,89,
1,80,69,79,78,89,
1,80,69,80,80,89,
1,80,69,80,83,73,
1,80,69,82,67,72,
1,80,69,82,73,76,
1,80,69,82,75,89,
1,80,69,82,82,89,
1,80,69,82,84,72,
1,80,69,83,75,89,
1,80,69,84,65,76,
1,80,69,84,69,82,
1,80,69,84,84,89,
1,80,72,65,71,69,
1,80,72,65,83,69,
1,80,72,79,78,69,
1,80,72,79,78,89,
1,80,72,79,84,79,
1,80,73,65,78,79,
1,80,73,67,72,73,
1,80,73,67,75,89,
1,80,73,67,85,83,
1,80,73,69,67,69,
1,80,73,69,84,65,
1,80,73,69,84,89,
1,80,73,71,71,89,
1,80,73,76,65,82,
1,80,73,76,69,68,
1,80,73,76,79,84,
1,80,73,78,67,72,
1,80,73,78,75,89,
1,80,73,78,78,65,
1,80,73,78,78,89,
1,80,73,78,79,84,
1,80,73,78,84,79,
1,80,73,79,85,83,
1,80,73,80,69,82,
1,80,73,80,69,84,
1,80,73,81,85,69,
1,80,73,83,84,69,
1,80,73,84,67,72,
1,80,73,84,72,89,
1,80,73,88,69,76,
1,80,73,88,73,69,
1,80,73,90,90,65,
1,80,76,65,67,69,
1,80,76,65,73,68,
1,80,76,65,73,78,
1,80,76,65,73,84,
1,80,76,65,78,69,
1,80,76,65,78,75,
1,80,76,65,78,79,
1,80,76,65,78,84,
1,80,76,65,83,77,
1,80,76,65,84,69,
1,80,76,65,84,79,
1,80,76,65,90,65,
1,80,76,69,65,84,
1,80,76,73,67,65,
1,80,76,73,69,82,
1,80,76,79,78,75,
1,80,76,85,67,75,
1,80,76,85,77,66,
1,80,76,85,77,69,
1,80,76,85,77,80,
1,80,76,85,83,72,
1,80,76,85,84,79,
1,80,79,65,67,72,
1,80,79,68,71,89,
1,80,79,73,78,84,
1,80,79,73,83,69,
1,80,79,75,69,82,
1,80,79,75,69,89,
1,80,79,76,65,82,
1,80,79,76,73,79,
1,80,79,76,89,80,
1,80,79,79,67,72,
1,80,79,80,80,89,
1,80,79,82,67,72,
1,80,79,83,69,68,
1,80,79,83,69,82,
1,80,79,83,73,84,
1,80,79,83,83,69,
1,80,79,84,84,89,
1,80,79,85,67,72,
1,80,79,85,78,68,
1,80,79,87,69,82,
1,80,82,65,78,75,
1,80,82,65,84,69,
1,80,82,65,87,78,
1,80,82,69,69,78,
1,80,82,69,83,83,
1,80,82,73,67,69,
1,80,82,73,67,75,
1,80,82,73,67,89,
1,80,82,73,68,69,
1,80,82,73,77,69,
1,80,82,73,77,79,
1,80,82,73,78,84,
1,80,82,73,79,78,
1,80,82,73,79,82,
1,80,82,73,83,77,
1,80,82,73,86,89,
1,80,82,73,90,69,
1,80,82,79,66,69,
1,80,82,79,78,69,
1,80,82,79,78,71,
1,80,82,79,79,70,
1,80,82,79,80,83,
1,80,82,79,83,69,
1,80,82,79,83,89,
1,80,82,79,85,68,
1,80,82,79,86,69,
1,80,82,79,87,76,
1,80,82,79,88,89,
1,80,82,85,68,69,
1,80,82,85,78,69,
1,80,83,65,76,77,
1,80,83,69,85,68,
1,80,83,89,67,72,
1,80,85,66,73,67,
1,80,85,67,75,65,
1,80,85,68,71,69,
1,80,85,70,70,89,
1,80,85,75,75,65,
1,80,85,76,80,89,
1,80,85,76,83,69,
1,80,85,78,67,72,
1,80,85,78,73,67,
1,80,85,80,65,76,
1,80,85,80,73,76,
1,80,85,80,80,89,
1,80,85,82,69,69,
1,80,85,82,71,69,
1,80,85,82,83,69,
1,80,85,82,85,83,
1,80,85,83,72,89,
1,80,85,84,73,78,
1,80,85,84,84,89,
1,80,89,76,79,78,
1,80,89,82,69,88,
1,80,89,82,85,83,
1,81,65,69,68,65,
1,81,65,84,65,82,
1,81,69,80,73,81,
1,81,73,65,78,71,
1,81,85,65,67,75,
1,81,85,65,70,70,
1,81,85,65,73,76,
1,81,85,65,75,69,
1,81,85,65,76,77,
1,81,85,65,82,75,
1,81,85,65,82,84,
1,81,85,65,83,72,
1,81,85,69,69,78,
1,81,85,69,69,82,
1,81,85,69,82,89,
1,81,85,69,83,84,
1,81,85,69,85,69,
1,81,85,73,67,75,
1,81,85,73,69,84,
1,81,85,73,70,70,
1,81,85,73,76,76,
1,81,85,73,76,84,
1,81,85,73,78,69,
1,81,85,73,78,84,
1,81,85,73,82,69,
1,81,85,73,82,75,
1,81,85,73,84,69,
1,81,85,73,84,79,
1,81,85,73,84,83,
1,81,85,79,84,65,
1,81,85,79,84,69,
1,81,85,82,65,78,
1,82,65,66,65,84,
1,82,65,66,66,73,
1,82,65,66,73,68,
1,82,65,67,69,82,
1,82,65,68,65,82,
1,82,65,68,73,79,
1,82,65,68,79,78,
1,82,65,73,76,83,
1,82,65,73,78,89,
1,82,65,73,83,69,
1,82,65,76,76,89,
1,82,65,77,69,78,
1,82,65,78,67,72,
1,82,65,78,68,89,
1,82,65,78,71,69,
1,82,65,80,69,68,
1,82,65,80,69,82,
1,82,65,80,73,68,
1,82,65,83,80,89,
1,82,65,83,84,65,
1,82,65,84,67,72,
1,82,65,84,69,83,
1,82,65,84,73,79,
1,82,65,84,84,89,
1,82,65,86,69,76,
1,82,65,86,69,78,
1,82,65,86,69,82,
1,82,65,89,79,78,
1,82,65,90,69,68,
1,82,65,90,79,82,
1,82,69,65,67,72,
1,82,69,65,67,84,
1,82,69,65,68,89,
1,82,69,65,76,77,
1,82,69,65,84,65,
1,82,69,66,69,76,
1,82,69,66,85,83,
1,82,69,67,65,80,
1,82,69,68,76,89,
1,82,69,69,68,89,
1,82,69,70,69,82,
1,82,69,71,65,76,
1,82,69,73,67,72,
1,82,69,73,71,78,
1,82,69,73,78,83,
1,82,69,76,65,88,
1,82,69,76,65,89,
1,82,69,77,73,84,
1,82,69,77,85,83,
1,82,69,78,65,76,
1,82,69,80,76,89,
1,82,69,83,69,84,
1,82,69,83,73,78,
1,82,69,84,67,72,
1,82,69,84,82,79,
1,82,69,85,83,69,
1,82,69,86,69,76,
1,82,69,89,69,83,
1,82,72,73,78,69,
1,82,72,73,78,79,
1,82,72,79,78,69,
1,82,72,89,77,69,
1,82,73,65,78,84,
1,82,73,67,73,78,
1,82,73,68,69,82,
1,82,73,68,71,69,
1,82,73,70,76,69,
1,82,73,71,69,76,
1,82,73,71,72,84,
1,82,73,71,73,68,
1,82,73,76,69,68,
1,82,73,76,69,89,
1,82,73,77,69,68,
1,82,73,78,71,83,
1,82,73,78,83,69,
1,82,73,79,74,65,
1,82,73,83,69,78,
1,82,73,83,69,82,
1,82,73,83,75,89,
1,82,73,83,83,65,
1,82,73,86,65,76,
1,82,73,86,69,82,
1,82,73,86,69,84,
1,82,79,65,67,72,
1,82,79,65,68,83,
1,82,79,65,83,84,
1,82,79,66,69,68,
1,82,79,66,73,78,
1,82,79,66,79,84,
1,82,79,67,75,89,
1,82,79,68,69,79,
1,82,79,71,85,69,
1,82,79,77,65,78,
1,82,79,77,69,79,
1,82,79,78,68,79,
1,82,79,79,77,89,
1,82,79,79,83,84,
1,82,79,79,84,83,
1,82,79,80,69,82,
1,82,79,80,69,89,
1,82,79,84,79,82,
1,82,79,85,71,69,
1,82,79,85,71,72,
1,82,79,85,78,68,
1,82,79,85,83,69,
1,82,79,85,84,69,
1,82,79,86,69,82,
1,82,79,87,65,78,
1,82,79,87,68,89,
1,82,79,87,69,82,
1,82,79,89,65,76,
1,82,85,66,76,69,
1,82,85,66,85,83,
1,82,85,68,68,89,
1,82,85,68,82,65,
1,82,85,71,66,89,
1,82,85,76,69,68,
1,82,85,76,69,82,
1,82,85,77,77,89,
1,82,85,77,79,82,
1,82,85,78,78,89,
1,82,85,78,84,89,
1,82,85,82,65,76,
1,82,85,83,72,89,
1,82,85,83,84,89,
1,82,85,84,84,89,
1,83,65,66,65,72,
1,83,65,66,69,82,
1,83,65,66,76,69,
1,83,65,66,79,84,
1,83,65,66,82,65,
1,83,65,66,82,69,
1,83,65,68,76,89,
1,83,65,70,65,82,
1,83,65,73,78,84,
1,83,65,76,65,68,
1,83,65,76,65,72,
1,83,65,76,65,73,
1,83,65,76,69,77,
1,83,65,76,69,83,
1,83,65,76,73,77,
1,83,65,76,76,89,
1,83,65,76,79,78,
1,83,65,76,80,65,
1,83,65,76,83,65,
1,83,65,76,84,89,
1,83,65,76,86,69,
1,83,65,77,65,78,
1,83,65,77,66,65,
1,83,65,77,79,65,
1,83,65,78,68,83,
1,83,65,78,68,89,
1,83,65,80,73,68,
1,83,65,80,80,89,
1,83,65,82,65,72,
1,83,65,82,69,69,
1,83,65,84,65,78,
1,83,65,84,69,68,
1,83,65,84,73,78,
1,83,65,84,89,82,
1,83,65,85,67,69,
1,83,65,85,67,89,
1,83,65,85,68,73,
1,83,65,85,84,69,
1,83,65,86,69,68,
1,83,65,86,69,82,
1,83,65,86,73,78,
1,83,65,86,79,82,
1,83,65,86,86,89,
1,83,65,87,65,78,
1,83,65,88,79,78,
1,83,67,65,76,69,
1,83,67,65,76,80,
1,83,67,65,76,89,
1,83,67,65,77,80,
1,83,67,65,78,84,
1,83,67,65,80,69,
1,83,67,65,82,69,
1,83,67,65,82,70,
1,83,67,65,82,89,
1,83,67,69,78,69,
1,83,67,69,78,84,
1,83,67,72,87,65,
1,83,67,73,79,78,
1,83,67,79,70,70,
1,83,67,79,76,68,
1,83,67,79,78,69,
1,83,67,79,79,80,
1,83,67,79,80,69,
1,83,67,79,82,69,
1,83,67,79,82,78,
1,83,67,79,84,84,
1,83,67,79,85,82,
1,83,67,79,85,84,
1,83,67,79,87,76,
1,83,67,82,65,77,
1,83,67,82,73,77,
1,83,67,82,85,66,
1,83,67,82,85,77,
1,83,67,85,66,65,
1,83,67,85,70,70,
1,83,69,65,77,89,
1,83,69,67,85,83,
1,83,69,68,65,78,
1,83,69,68,69,82,
1,83,69,68,71,69,
1,83,69,69,68,89,
1,83,69,73,78,69,
1,83,69,76,65,82,
1,83,69,76,76,89,
1,83,69,76,77,65,
1,83,69,78,83,69,
1,83,69,78,84,69,
1,83,69,80,65,76,
1,83,69,80,73,65,
1,83,69,82,71,69,
1,83,69,82,85,77,
1,83,69,82,86,69,
1,83,69,82,86,79,
1,83,69,86,69,78,
1,83,69,86,69,82,
1,83,69,87,69,82,
1,83,72,65,66,85,
1,83,72,65,67,75,
1,83,72,65,68,69,
1,83,72,65,68,89,
1,83,72,65,70,84,
1,83,72,65,75,69,
1,83,72,65,75,89,
1,83,72,65,76,69,
1,83,72,65,76,76,
1,83,72,65,77,69,
1,83,72,65,78,71,
1,83,72,65,78,75,
1,83,72,65,80,69,
1,83,72,65,82,68,
1,83,72,65,82,69,
1,83,72,65,82,73,
1,83,72,65,82,75,
1,83,72,65,82,80,
1,83,72,65,86,69,
1,83,72,65,87,76,
1,83,72,65,87,78,
1,83,72,69,65,70,
1,83,72,69,65,82,
1,83,72,69,69,78,
1,83,72,69,69,80,
1,83,72,69,69,82,
1,83,72,69,69,84,
1,83,72,69,73,75,
1,83,72,69,76,70,
1,83,72,69,76,76,
1,83,72,73,70,84,
1,83,72,73,76,76,
1,83,72,73,76,89,
1,83,72,73,78,69,
1,83,72,73,78,89,
1,83,72,73,82,69,
1,83,72,73,82,84,
1,83,72,73,84,69,
1,83,72,73,86,65,
1,83,72,79,67,75,
1,83,72,79,69,83,
1,83,72,79,79,75,
1,83,72,79,79,84,
1,83,72,79,82,69,
1,83,72,79,82,78,
1,83,72,79,82,84,
1,83,72,79,85,84,
1,83,72,79,86,69,
1,83,72,79,87,89,
1,83,72,82,69,68,
1,83,72,82,69,87,
1,83,72,82,85,66,
1,83,72,82,85,71,
1,83,72,85,67,75,
1,83,72,85,78,84,
1,83,72,85,83,72,
1,83,72,85,84,69,
1,83,72,89,76,89,
1,83,73,69,71,69,
1,83,73,69,86,69,
1,83,73,71,72,84,
1,83,73,71,77,65,
1,83,73,76,75,89,
1,83,73,76,76,89,
1,83,73,76,84,89,
1,83,73,76,86,65,
1,83,73,77,79,78,
1,83,73,78,65,73,
1,83,73,78,67,69,
1,83,73,78,69,87,
1,83,73,78,71,69,
1,83,73,78,85,83,
1,83,73,79,85,88,
1,83,73,82,69,78,
1,83,73,83,65,76,
1,83,73,83,83,89,
1,83,73,84,65,82,
1,83,73,86,65,78,
1,83,73,88,84,72,
1,83,73,88,84,89,
1,83,73,90,69,68,
1,83,75,65,84,69,
1,83,75,69,73,78,
1,83,75,73,70,70,
1,83,75,73,76,76,
1,83,75,73,78,84,
1,83,75,73,82,84,
1,83,75,79,65,76,
1,83,75,85,76,76,
1,83,75,85,78,75,
1,83,76,65,67,75,
1,83,76,65,73,78,
1,83,76,65,78,71,
1,83,76,65,78,84,
1,83,76,65,83,72,
1,83,76,65,84,69,
1,83,76,65,86,69,
1,83,76,69,69,75,
1,83,76,69,69,80,
1,83,76,69,69,84,
1,83,76,73,67,69,
1,83,76,73,67,75,
1,83,76,73,68,69,
1,83,76,73,77,69,
1,83,76,73,77,89,
1,83,76,73,78,71,
1,83,76,79,79,80,
1,83,76,79,80,69,
1,83,76,79,84,72,
1,83,76,85,83,72,
1,83,76,89,76,89,
1,83,77,65,67,75,
1,83,77,65,76,76,
1,83,77,65,82,84,
1,83,77,65,83,72,
1,83,77,69,65,82,
1,83,77,69,76,76,
1,83,77,69,76,84,
1,83,77,73,76,69,
1,83,77,73,82,75,
1,83,77,73,84,69,
1,83,77,73,84,72,
1,83,77,79,67,75,
1,83,77,79,75,69,
1,83,77,79,75,89,
1,83,78,65,67,75,
1,83,78,65,70,85,
1,83,78,65,73,76,
1,83,78,65,75,69,
1,83,78,65,75,89,
1,83,78,65,82,69,
1,83,78,65,82,76,
1,83,78,69,65,75,
1,83,78,73,68,69,
1,83,78,73,70,70,
1,83,78,73,80,69,
1,83,78,79,79,68,
1,83,78,79,79,75,
1,83,78,79,79,80,
1,83,78,79,82,69,
1,83,78,79,82,84,
1,83,78,79,85,84,
1,83,78,79,87,89,
1,83,78,85,70,70,
1,83,79,45,83,79,
1,83,79,65,80,89,
1,83,79,66,69,82,
1,83,79,68,79,77,
1,83,79,70,73,65,
1,83,79,71,71,89,
1,83,79,76,65,82,
1,83,79,76,69,68,
1,83,79,76,73,68,
1,83,79,76,86,69,
1,83,79,77,77,69,
1,83,79,78,65,82,
1,83,79,78,73,67,
1,83,79,79,69,89,
1,83,79,79,84,72,
1,83,79,79,84,89,
1,83,79,80,80,89,
1,83,79,82,82,89,
1,83,79,84,72,79,
1,83,79,85,78,68,
1,83,79,85,84,72,
1,83,80,65,67,69,
1,83,80,65,67,89,
1,83,80,65,68,69,
1,83,80,65,73,78,
1,83,80,65,78,71,
1,83,80,65,78,75,
1,83,80,65,82,69,
1,83,80,65,82,75,
1,83,80,65,83,77,
1,83,80,65,84,69,
1,83,80,65,87,78,
1,83,80,69,65,75,
1,83,80,69,65,82,
1,83,80,69,69,68,
1,83,80,69,76,76,
1,83,80,69,76,84,
1,83,80,69,78,68,
1,83,80,69,78,84,
1,83,80,73,69,76,
1,83,80,73,70,70,
1,83,80,73,75,69,
1,83,80,73,76,76,
1,83,80,73,78,69,
1,83,80,73,78,89,
1,83,80,73,82,69,
1,83,80,73,84,69,
1,83,80,76,65,84,
1,83,80,76,65,89,
1,83,80,76,73,84,
1,83,80,79,67,75,
1,83,80,79,73,76,
1,83,80,79,75,69,
1,83,80,79,79,75,
1,83,80,79,79,76,
1,83,80,79,79,78,
1,83,80,79,79,82,
1,83,80,79,82,69,
1,83,80,79,82,75,
1,83,80,79,82,84,
1,83,80,79,84,83,
1,83,80,79,85,84,
1,83,80,82,65,89,
1,83,80,82,73,71,
1,83,80,85,77,69,
1,83,80,85,78,75,
1,83,81,85,65,66,
1,83,81,85,65,68,
1,83,81,85,65,84,
1,83,81,85,65,87,
1,83,81,85,73,68,
1,83,82,83,76,89,
1,83,84,65,67,75,
1,83,84,65,70,70,
1,83,84,65,71,69,
1,83,84,65,71,89,
1,83,84,65,73,68,
1,83,84,65,73,78,
1,83,84,65,73,82,
1,83,84,65,75,69,
1,83,84,65,76,69,
1,83,84,65,76,75,
1,83,84,65,76,76,
1,83,84,65,77,80,
1,83,84,65,78,68,
1,83,84,65,80,72,
1,83,84,65,82,69,
1,83,84,65,82,75,
1,83,84,65,82,84,
1,83,84,65,83,72,
1,83,84,65,84,69,
1,83,84,69,65,68,
1,83,84,69,65,75,
1,83,84,69,65,76,
1,83,84,69,65,77,
1,83,84,69,69,68,
1,83,84,69,69,76,
1,83,84,69,69,80,
1,83,84,69,69,82,
1,83,84,69,73,78,
1,83,84,69,78,84,
1,83,84,69,80,83,
1,83,84,69,82,78,
1,83,84,73,67,75,
1,83,84,73,70,70,
1,83,84,73,76,69,
1,83,84,73,76,76,
1,83,84,73,78,71,
1,83,84,73,78,75,
1,83,84,73,78,84,
1,83,84,79,67,75,
1,83,84,79,73,67,
1,83,84,79,76,69,
1,83,84,79,77,65,
1,83,84,79,77,80,
1,83,84,79,78,69,
1,83,84,79,78,89,
1,83,84,79,79,76,
1,83,84,79,79,80,
1,83,84,79,80,83,
1,83,84,79,82,69,
1,83,84,79,82,75,
1,83,84,79,82,77,
1,83,84,79,82,89,
1,83,84,79,85,82,
1,83,84,79,85,84,
1,83,84,79,86,69,
1,83,84,82,65,80,
1,83,84,82,65,87,
1,83,84,82,65,89,
1,83,84,82,69,80,
1,83,84,82,73,65,
1,83,84,82,73,80,
1,83,84,82,79,80,
1,83,84,82,85,77,
1,83,84,82,85,84,
1,83,84,85,67,75,
1,83,84,85,68,89,
1,83,84,85,70,70,
1,83,84,85,77,80,
1,83,84,85,78,71,
1,83,84,85,78,84,
1,83,84,89,76,69,
1,83,85,65,86,69,
1,83,85,68,65,78,
1,83,85,68,83,89,
1,83,85,69,68,69,
1,83,85,71,65,82,
1,83,85,73,84,69,
1,83,85,76,70,65,
1,83,85,76,76,89,
1,83,85,77,65,67,
1,83,85,77,69,82,
1,83,85,78,78,65,
1,83,85,78,78,89,
1,83,85,80,69,82,
1,83,85,80,82,65,
1,83,85,82,71,69,
1,83,85,82,76,89,
1,83,85,82,89,65,
1,83,85,83,72,73,
1,83,85,84,82,65,
1,83,87,65,73,78,
1,83,87,65,77,73,
1,83,87,65,77,80,
1,83,87,65,82,68,
1,83,87,65,82,77,
1,83,87,65,82,84,
1,83,87,65,83,72,
1,83,87,65,84,72,
1,83,87,65,90,73,
1,83,87,69,65,82,
1,83,87,69,65,84,
1,83,87,69,69,80,
1,83,87,69,69,84,
1,83,87,69,76,76,
1,83,87,69,80,84,
1,83,87,73,70,84,
1,83,87,73,76,76,
1,83,87,73,78,69,
1,83,87,73,78,71,
1,83,87,73,80,69,
1,83,87,73,82,76,
1,83,87,73,83,72,
1,83,87,73,83,83,
1,83,87,79,79,80,
1,83,87,79,82,68,
1,83,87,79,82,78,
1,83,89,78,71,69,
1,83,89,82,73,65,
1,83,89,82,85,80,
1,84,65,66,66,89,
1,84,65,66,76,69,
1,84,65,66,79,79,
1,84,65,67,73,84,
1,84,65,67,75,89,
1,84,65,70,70,89,
1,84,65,73,76,83,
1,84,65,73,78,84,
1,84,65,75,69,78,
1,84,65,75,69,82,
1,84,65,76,75,89,
1,84,65,76,76,89,
1,84,65,76,79,78,
1,84,65,76,85,83,
1,84,65,77,69,68,
1,84,65,77,69,82,
1,84,65,77,73,76,
1,84,65,77,77,89,
1,84,65,77,80,65,
1,84,65,78,71,65,
1,84,65,78,71,69,
1,84,65,78,71,79,
1,84,65,78,71,89,
1,84,65,78,84,79,
1,84,65,80,69,68,
1,84,65,80,69,82,
1,84,65,82,68,89,
1,84,65,82,82,89,
1,84,65,82,84,85,
1,84,65,83,84,69,
1,84,65,83,84,89,
1,84,65,84,69,82,
1,84,65,84,79,85,
1,84,65,84,84,89,
1,84,65,84,85,77,
1,84,65,85,78,84,
1,84,65,85,80,69,
1,84,65,87,78,89,
1,84,65,88,73,83,
1,84,69,65,67,72,
1,84,69,65,82,83,
1,84,69,65,82,89,
1,84,69,65,83,69,
1,84,69,67,72,89,
1,84,69,68,68,89,
1,84,69,69,78,83,
1,84,69,69,78,89,
1,84,69,69,84,72,
1,84,69,76,76,89,
1,84,69,77,80,79,
1,84,69,78,67,72,
1,84,69,78,71,69,
1,84,69,78,79,82,
1,84,69,78,83,69,
1,84,69,78,84,72,
1,84,69,80,69,69,
1,84,69,80,73,68,
1,84,69,82,77,83,
1,84,69,82,82,89,
1,84,69,82,83,69,
1,84,69,83,76,65,
1,84,69,83,84,65,
1,84,69,83,84,89,
1,84,69,84,82,65,
1,84,69,88,65,78,
1,84,69,88,65,83,
1,84,72,65,77,69,
1,84,72,65,78,69,
1,84,72,65,78,75,
1,84,72,69,66,69,
1,84,72,69,70,84,
1,84,72,69,73,65,
1,84,72,69,77,69,
1,84,72,69,82,69,
1,84,72,69,82,77,
1,84,72,69,84,65,
1,84,72,73,65,77,
1,84,72,73,67,75,
1,84,72,73,69,70,
1,84,72,73,71,72,
1,84,72,73,76,76,
1,84,72,73,78,69,
1,84,72,73,78,71,
1,84,72,73,78,75,
1,84,72,73,82,68,
1,84,72,79,76,69,
1,84,72,79,78,71,
1,84,72,79,82,78,
1,84,72,82,69,69,
1,84,72,82,79,66,
1,84,72,82,79,87,
1,84,72,82,85,77,
1,84,72,85,77,66,
1,84,72,85,77,80,
1,84,72,87,65,80,
1,84,72,89,77,69,
1,84,73,65,82,65,
1,84,73,66,69,82,
1,84,73,66,69,84,
1,84,73,66,73,65,
1,84,73,67,65,76,
1,84,73,68,65,76,
1,84,73,71,69,82,
1,84,73,71,72,84,
1,84,73,76,69,68,
1,84,73,76,73,65,
1,84,73,77,69,68,
1,84,73,77,69,82,
1,84,73,77,69,83,
1,84,73,77,73,68,
1,84,73,77,79,82,
1,84,73,78,69,68,
1,84,73,78,71,69,
1,84,73,80,80,89,
1,84,73,80,83,89,
1,84,73,82,69,68,
1,84,73,84,76,69,
1,84,73,90,90,89,
1,84,79,65,83,84,
1,84,79,68,65,89,
1,84,79,75,69,78,
1,84,79,75,89,79,
1,84,79,77,79,90,
1,84,79,78,65,76,
1,84,79,78,69,68,
1,84,79,78,69,82,
1,84,79,78,71,65,
1,84,79,78,73,67,
1,84,79,78,85,83,
1,84,79,79,84,72,
1,84,79,80,65,90,
1,84,79,80,73,67,
1,84,79,81,85,69,
1,84,79,82,65,72,
1,84,79,82,67,72,
1,84,79,82,83,79,
1,84,79,82,84,69,
1,84,79,84,65,76,
1,84,79,84,69,77,
1,84,79,85,67,72,
1,84,79,85,71,72,
1,84,79,87,69,76,
1,84,79,87,69,82,
1,84,79,88,73,67,
1,84,79,88,73,78,
1,84,82,65,67,69,
1,84,82,65,67,75,
1,84,82,65,67,84,
1,84,82,65,67,89,
1,84,82,65,68,69,
1,84,82,65,73,76,
1,84,82,65,73,78,
1,84,82,65,73,84,
1,84,82,65,77,80,
1,84,82,65,83,72,
1,84,82,65,86,69,
1,84,82,69,65,68,
1,84,82,69,65,84,
1,84,82,69,78,68,
1,84,82,69,78,84,
1,84,82,69,83,83,
1,84,82,73,65,68,
1,84,82,73,65,76,
1,84,82,73,66,69,
1,84,82,73,67,69,
1,84,82,73,67,75,
1,84,82,73,69,68,
1,84,82,73,75,69,
1,84,82,73,76,76,
1,84,82,73,78,69,
1,84,82,73,84,69,
1,84,82,79,76,76,
1,84,82,79,80,69,
1,84,82,79,85,84,
1,84,82,79,86,69,
1,84,82,85,67,69,
1,84,82,85,67,75,
1,84,82,85,76,89,
1,84,82,85,77,80,
1,84,82,85,78,75,
1,84,82,85,83,83,
1,84,82,85,83,84,
1,84,82,85,84,72,
1,84,83,73,78,69,
1,84,85,66,65,76,
1,84,85,66,66,89,
1,84,85,66,69,82,
1,84,85,68,79,82,
1,84,85,76,73,80,
1,84,85,76,76,69,
1,84,85,76,83,65,
1,84,85,77,77,89,
1,84,85,77,79,82,
1,84,85,78,69,68,
1,84,85,78,69,82,
1,84,85,78,73,67,
1,84,85,84,79,82,
1,84,87,65,73,78,
1,84,87,65,78,71,
1,84,87,69,65,75,
1,84,87,69,69,68,
1,84,87,69,69,84,
1,84,87,69,82,80,
1,84,87,73,67,69,
1,84,87,73,76,76,
1,84,87,73,78,69,
1,84,87,73,78,83,
1,84,87,73,82,76,
1,84,87,73,82,80,
1,84,87,73,83,84,
1,84,89,73,78,71,
1,84,89,76,69,82,
1,84,89,80,69,68,
1,84,89,80,73,67,
1,84,89,83,79,78,
1,85,68,68,69,82,
1,85,75,65,83,69,
1,85,76,67,69,82,
1,85,76,84,82,65,
1,85,77,66,69,82,
1,85,77,66,82,65,
1,85,77,77,65,72,
1,85,78,65,82,89,
1,85,78,66,73,68,
1,85,78,67,76,69,
1,85,78,67,85,84,
1,85,78,68,69,82,
1,85,78,68,85,69,
1,85,78,70,69,68,
1,85,78,70,73,84,
1,85,78,73,70,89,
1,85,78,73,79,78,
1,85,78,73,84,69,
1,85,78,73,84,89,
1,85,78,76,73,84,
1,85,78,84,73,76,
1,85,80,80,69,82,
1,85,80,83,69,84,
1,85,82,65,84,69,
1,85,82,66,65,78,
1,85,82,73,78,69,
1,85,83,65,71,69,
1,85,83,72,69,82,
1,85,83,73,78,71,
1,85,83,85,65,76,
1,85,84,73,67,65,
1,85,84,73,76,69,
1,85,84,84,69,82,
1,85,86,85,76,65,
1,86,65,71,65,76,
1,86,65,71,85,69,
1,86,65,76,69,84,
1,86,65,76,73,68,
1,86,65,76,79,82,
1,86,65,76,85,69,
1,86,65,76,86,69,
1,86,65,78,68,65,
1,86,65,78,69,68,
1,86,65,80,73,68,
1,86,65,80,79,82,
1,86,65,82,85,83,
1,86,65,84,73,67,
1,86,65,85,76,84,
1,86,69,68,73,67,
1,86,69,71,65,78,
1,86,69,76,65,82,
1,86,69,78,65,76,
1,86,69,78,79,77,
1,86,69,78,85,69,
1,86,69,78,85,83,
1,86,69,82,68,73,
1,86,69,82,82,89,
1,86,69,82,83,69,
1,86,69,82,84,85,
1,86,69,82,86,69,
1,86,69,83,80,65,
1,86,69,83,84,65,
1,86,69,84,67,72,
1,86,69,88,69,68,
1,86,73,67,65,82,
1,86,73,68,69,79,
1,86,73,71,73,76,
1,86,73,71,79,82,
1,86,73,76,76,65,
1,86,73,78,89,76,
1,86,73,79,76,65,
1,86,73,80,69,82,
1,86,73,82,65,76,
1,86,73,82,71,79,
1,86,73,82,85,83,
1,86,73,83,73,84,
1,86,73,83,79,82,
1,86,73,83,84,65,
1,86,73,84,65,76,
1,86,73,84,73,83,
1,86,73,86,65,84,
1,86,73,86,73,68,
1,86,73,88,69,78,
1,86,79,67,65,76,
1,86,79,68,75,65,
1,86,79,71,85,69,
1,86,79,73,67,69,
1,86,79,76,65,82,
1,86,79,76,84,65,
1,86,79,77,73,84,
1,86,79,84,69,82,
1,86,79,87,69,76,
1,86,82,79,79,77,
1,87,65,67,75,79,
1,87,65,67,75,89,
1,87,65,68,69,82,
1,87,65,70,69,82,
1,87,65,71,69,82,
1,87,65,71,69,83,
1,87,65,71,79,78,
1,87,65,72,69,89,
1,87,65,73,83,84,
1,87,65,73,86,69,
1,87,65,76,69,83,
1,87,65,76,76,89,
1,87,65,76,84,90,
1,87,65,78,76,89,
1,87,65,82,69,83,
1,87,65,82,84,89,
1,87,65,83,72,89,
1,87,65,83,84,69,
1,87,65,84,67,72,
1,87,65,84,69,82,
1,87,65,84,84,83,
1,87,65,86,69,82,
1,87,65,88,69,68,
1,87,65,88,69,78,
1,87,65,89,78,69,
1,87,69,65,82,89,
1,87,69,65,86,69,
1,87,69,66,66,89,
1,87,69,66,69,82,
1,87,69,68,71,69,
1,87,69,69,68,89,
1,87,69,69,78,89,
1,87,69,73,71,72,
1,87,69,73,82,68,
1,87,69,76,76,83,
1,87,69,76,83,72,
1,87,69,78,67,72,
1,87,69,84,76,89,
1,87,72,65,67,75,
1,87,72,65,76,69,
1,87,72,65,82,70,
1,87,72,69,65,84,
1,87,72,69,69,76,
1,87,72,69,82,69,
1,87,72,73,67,72,
1,87,72,73,70,70,
1,87,72,73,76,69,
1,87,72,73,78,69,
1,87,72,73,78,89,
1,87,72,73,82,76,
1,87,72,73,83,75,
1,87,72,73,83,84,
1,87,72,73,84,69,
1,87,72,79,76,69,
1,87,72,79,79,80,
1,87,72,79,83,69,
1,87,72,79,83,79,
1,87,73,68,79,87,
1,87,73,76,68,69,
1,87,73,76,77,65,
1,87,73,77,80,89,
1,87,73,78,67,69,
1,87,73,78,68,89,
1,87,73,78,69,89,
1,87,73,78,71,83,
1,87,73,80,69,82,
1,87,73,82,69,68,
1,87,73,82,82,65,
1,87,73,83,80,89,
1,87,73,84,67,72,
1,87,73,84,72,69,
1,87,73,84,84,89,
1,87,73,90,69,78,
1,87,79,77,65,78,
1,87,79,78,75,89,
1,87,79,79,68,83,
1,87,79,79,68,89,
1,87,79,79,76,89,
1,87,79,79,80,83,
1,87,79,79,90,89,
1,87,79,82,68,83,
1,87,79,82,68,89,
1,87,79,82,75,83,
1,87,79,82,76,68,
1,87,79,82,77,89,
1,87,79,82,82,89,
1,87,79,82,83,69,
1,87,79,82,83,84,
1,87,79,82,84,72,
1,87,79,85,76,68,
1,87,79,85,78,68,
1,87,79,86,69,78,
1,87,79,87,73,69,
1,87,82,65,67,75,
1,87,82,65,84,72,
1,87,82,69,67,75,
1,87,82,73,78,71,
1,87,82,73,83,84,
1,87,82,73,84,69,
1,87,82,79,78,71,
1,87,82,79,84,72,
1,87,82,89,76,89,
1,87,89,65,84,84,
1,88,65,78,65,88,
1,88,67,73,73,73,
1,88,67,86,73,73,
1,88,69,78,79,78,
1,88,69,82,73,67,
1,88,69,82,79,88,
1,88,72,79,83,65,
1,88,86,73,73,73,
1,88,89,76,69,77,
1,89,65,67,72,84,
1,89,65,72,79,79,
1,89,65,72,86,69,
1,89,65,72,87,69,
1,89,65,90,79,79,
1,89,69,65,82,83,
1,89,69,65,83,84,
1,89,69,65,84,83,
1,89,69,67,67,72,
1,89,69,69,72,65,
1,89,69,69,83,72,
1,89,69,77,69,78,
1,89,69,78,84,65,
1,89,73,69,76,68,
1,89,79,68,69,76,
1,89,79,85,78,71,
1,89,79,85,82,83,
1,89,79,85,84,72,
1,89,79,87,67,72,
1,89,80,82,69,83,
1,89,85,67,67,65,
1,89,85,67,75,89,
1,89,85,77,77,89,
1,90,65,73,82,69,
1,90,65,75,65,84,
1,90,65,77,65,78,
1,90,65,77,73,65,
1,90,69,66,82,65,
1,90,69,83,84,89,
1,90,73,80,80,89,
1,90,79,77,66,73,
1,90,79,78,65,76,
1,90,79,87,73,69,
};

uint8_t endOfWordData = 0;